time	Iexterna	Vdbd	Idbd
-2.464E-4	-6.4E-4	-7400	-0.00272
-2.462E-4	-6.4E-4	-7400	-0.00272
-2.46E-4	-6.4E-4	-7400	-0.00272
-2.458E-4	-3.2E-4	-7400	-0.00272
-2.456E-4	-4.8E-4	-7200	-0.00256
-2.454E-4	-4.8E-4	-7600	-0.0024
-2.452E-4	-6.4E-4	-7200	-0.00256
-2.45E-4	-4.8E-4	-7600	-0.00256
-2.448E-4	-4.8E-4	-7400	-0.0024
-2.446E-4	-6.4E-4	-7400	-0.0024
-2.444E-4	-6.4E-4	-7600	-0.0024
-2.442E-4	-3.2E-4	-7800	-0.0024
-2.44E-4	-3.2E-4	-7600	-0.0024
-2.438E-4	-4.8E-4	-7600	-0.00224
-2.436E-4	-4.8E-4	-7600	-0.00224
-2.434E-4	-6.4E-4	-7600	-0.0024
-2.432E-4	-6.4E-4	-7600	-0.00224
-2.43E-4	-6.4E-4	-7600	-0.00224
-2.428E-4	-6.4E-4	-7800	-0.00224
-2.426E-4	-4.8E-4	-7600	-0.00208
-2.424E-4	-4.8E-4	-7600	-0.00192
-2.422E-4	-4.8E-4	-7800	-0.00176
-2.42E-4	-4.8E-4	-7600	-0.00208
-2.418E-4	-3.2E-4	-7800	-0.00176
-2.416E-4	-4.8E-4	-7600	-0.00176
-2.414E-4	-4.8E-4	-7800	-0.0016
-2.412E-4	-4.8E-4	-7600	-0.00176
-2.41E-4	-4.8E-4	-8000	-0.0016
-2.408E-4	-3.2E-4	-7600	-0.00176
-2.406E-4	-3.2E-4	-7800	-0.0016
-2.404E-4	-3.2E-4	-7800	-0.00144
-2.402E-4	-4.8E-4	-7800	-0.00128
-2.4E-4	-3.2E-4	-7600	-0.0016
-2.398E-4	-4.8E-4	-8000	-0.00144
-2.396E-4	-3.2E-4	-7800	-0.00144
-2.394E-4	-8E-4	-8000	-0.00144
-2.392E-4	0	-7800	-0.00144
-2.39E-4	-4.8E-4	-7800	-0.00112
-2.388E-4	-3.2E-4	-8000	-0.00128
-2.386E-4	-3.2E-4	-8000	-0.00112
-2.384E-4	-3.2E-4	-7800	-0.00112
-2.382E-4	-4.8E-4	-8000	-0.00128
-2.38E-4	-4.8E-4	-7600	-9.6E-4
-2.378E-4	-3.2E-4	-7800	-8E-4
-2.376E-4	-3.2E-4	-7800	-8E-4
-2.374E-4	-1.6E-4	-8000	-8E-4
-2.372E-4	-3.2E-4	-8000	-8E-4
-2.37E-4	-4.8E-4	-8200	-8E-4
-2.368E-4	-1.6E-4	-8000	-6.4E-4
-2.366E-4	-1.6E-4	-7800	-8E-4
-2.364E-4	-1.6E-4	-7800	-6.4E-4
-2.362E-4	-3.2E-4	-7800	-8E-4
-2.36E-4	-3.2E-4	-7800	-4.8E-4
-2.358E-4	0	-8000	-3.2E-4
-2.356E-4	-3.2E-4	-8000	-3.2E-4
-2.354E-4	-1.6E-4	-7800	-4.8E-4
-2.352E-4	-1.6E-4	-7800	-3.2E-4
-2.35E-4	-3.2E-4	-8000	-3.2E-4
-2.348E-4	-1.6E-4	-8000	-1.6E-4
-2.346E-4	-1.6E-4	-7800	-3.2E-4
-2.344E-4	-3.2E-4	-7800	-1.6E-4
-2.342E-4	-3.2E-4	-7600	0
-2.34E-4	-1.6E-4	-7800	-1.6E-4
-2.338E-4	-1.6E-4	-7800	0
-2.336E-4	-1.6E-4	-7800	0
-2.334E-4	-1.6E-4	-8000	0
-2.332E-4	0	-7600	1.6E-4
-2.33E-4	0	-7800	1.6E-4
-2.328E-4	-1.6E-4	-7600	3.2E-4
-2.326E-4	3.2E-4	-8000	1.6E-4
-2.324E-4	-1.6E-4	-8000	3.2E-4
-2.322E-4	0	-7800	3.2E-4
-2.32E-4	0	-7800	4.8E-4
-2.318E-4	3.2E-4	-7600	4.8E-4
-2.316E-4	-1.6E-4	-8000	6.4E-4
-2.314E-4	0	-7800	6.4E-4
-2.312E-4	0	-7800	4.8E-4
-2.31E-4	0	-7800	6.4E-4
-2.308E-4	0	-7800	6.4E-4
-2.306E-4	0	-8000	8E-4
-2.304E-4	0	-7800	8E-4
-2.302E-4	1.6E-4	-7600	6.4E-4
-2.3E-4	-1.6E-4	-7800	8E-4
-2.298E-4	1.6E-4	-7600	9.6E-4
-2.296E-4	-1.6E-4	-7800	9.6E-4
-2.294E-4	-1.6E-4	-7800	9.6E-4
-2.292E-4	3.2E-4	-7600	9.6E-4
-2.29E-4	0	-7600	0.00112
-2.288E-4	1.6E-4	-7800	0.00112
-2.286E-4	3.2E-4	-7600	0.00112
-2.284E-4	1.6E-4	-7800	0.00112
-2.282E-4	0	-7600	0.00112
-2.28E-4	0	-7400	0.00128
-2.278E-4	0	-7600	0.00144
-2.276E-4	1.6E-4	-7400	0.00144
-2.274E-4	1.6E-4	-7600	0.00144
-2.272E-4	1.6E-4	-7400	0.00144
-2.27E-4	0	-7600	0.00144
-2.268E-4	0	-7400	0.0016
-2.266E-4	1.6E-4	-7400	0.00176
-2.264E-4	1.6E-4	-7200	0.0016
-2.262E-4	3.2E-4	-7400	0.00176
-2.26E-4	3.2E-4	-7400	0.00176
-2.258E-4	1.6E-4	-7400	0.00176
-2.256E-4	3.2E-4	-7400	0.00176
-2.254E-4	3.2E-4	-7400	0.00208
-2.252E-4	1.6E-4	-7400	0.00192
-2.25E-4	1.6E-4	-7200	0.00192
-2.248E-4	0	-7400	0.00192
-2.246E-4	3.2E-4	-7200	0.00208
-2.244E-4	4.8E-4	-7400	0.00208
-2.242E-4	3.2E-4	-7400	0.00224
-2.24E-4	1.6E-4	-7200	0.00208
-2.238E-4	1.6E-4	-7200	0.00224
-2.236E-4	1.6E-4	-7200	0.00224
-2.234E-4	1.6E-4	-7000	0.00224
-2.232E-4	1.6E-4	-7200	0.00224
-2.23E-4	1.6E-4	-7000	0.0024
-2.228E-4	4.8E-4	-7000	0.00256
-2.226E-4	4.8E-4	-7000	0.00272
-2.224E-4	1.6E-4	-7200	0.00256
-2.222E-4	3.2E-4	-7000	0.00256
-2.22E-4	4.8E-4	-7000	0.00272
-2.218E-4	3.2E-4	-7000	0.00272
-2.216E-4	1.6E-4	-6800	0.00256
-2.214E-4	3.2E-4	-6800	0.00272
-2.212E-4	3.2E-4	-7000	0.00272
-2.21E-4	4.8E-4	-6600	0.00288
-2.208E-4	3.2E-4	-6800	0.00288
-2.206E-4	3.2E-4	-7000	0.00288
-2.204E-4	3.2E-4	-6600	0.00304
-2.202E-4	3.2E-4	-6600	0.00288
-2.2E-4	3.2E-4	-6600	0.00304
-2.198E-4	3.2E-4	-6600	0.00304
-2.196E-4	1.6E-4	-6800	0.0032
-2.194E-4	4.8E-4	-6600	0.00304
-2.192E-4	4.8E-4	-6400	0.0032
-2.19E-4	3.2E-4	-6600	0.00304
-2.188E-4	4.8E-4	-6600	0.00336
-2.186E-4	4.8E-4	-6400	0.0032
-2.184E-4	3.2E-4	-6400	0.0032
-2.182E-4	4.8E-4	-6400	0.00336
-2.18E-4	4.8E-4	-6400	0.0032
-2.178E-4	6.4E-4	-6400	0.00336
-2.176E-4	4.8E-4	-6200	0.00368
-2.174E-4	4.8E-4	-6400	0.00352
-2.172E-4	3.2E-4	-6400	0.00368
-2.17E-4	8E-4	-6200	0.00368
-2.168E-4	4.8E-4	-6200	0.00352
-2.166E-4	4.8E-4	-6000	0.00352
-2.164E-4	4.8E-4	-6000	0.00368
-2.162E-4	4.8E-4	-6000	0.00384
-2.16E-4	8E-4	-5800	0.00384
-2.158E-4	6.4E-4	-6200	0.00384
-2.156E-4	4.8E-4	-6000	0.00384
-2.154E-4	4.8E-4	-6000	0.004
-2.152E-4	6.4E-4	-6000	0.004
-2.15E-4	6.4E-4	-6000	0.004
-2.148E-4	8E-4	-5800	0.004
-2.146E-4	6.4E-4	-5800	0.00416
-2.144E-4	6.4E-4	-5600	0.004
-2.142E-4	8E-4	-5600	0.004
-2.14E-4	4.8E-4	-5600	0.00432
-2.138E-4	4.8E-4	-5600	0.00432
-2.136E-4	4.8E-4	-5600	0.00448
-2.134E-4	6.4E-4	-5400	0.00416
-2.132E-4	6.4E-4	-5400	0.00432
-2.13E-4	4.8E-4	-5400	0.00432
-2.128E-4	8E-4	-5400	0.00448
-2.126E-4	6.4E-4	-5400	0.00448
-2.124E-4	6.4E-4	-5200	0.00448
-2.122E-4	6.4E-4	-5200	0.00448
-2.12E-4	8E-4	-5200	0.00464
-2.118E-4	4.8E-4	-5200	0.00464
-2.116E-4	8E-4	-5000	0.00464
-2.114E-4	6.4E-4	-5000	0.00448
-2.112E-4	6.4E-4	-4800	0.00464
-2.11E-4	6.4E-4	-5200	0.0048
-2.108E-4	8E-4	-5200	0.00464
-2.106E-4	6.4E-4	-4800	0.0048
-2.104E-4	9.6E-4	-4800	0.0048
-2.102E-4	6.4E-4	-4600	0.00496
-2.1E-4	8E-4	-4800	0.00496
-2.098E-4	8E-4	-4800	0.00496
-2.096E-4	6.4E-4	-4800	0.00496
-2.094E-4	0.00112	-4600	0.00496
-2.092E-4	6.4E-4	-4600	0.00496
-2.09E-4	8E-4	-4600	0.00496
-2.088E-4	9.6E-4	-4400	0.00512
-2.086E-4	0.00112	-4400	0.00496
-2.084E-4	8E-4	-4400	0.00528
-2.082E-4	6.4E-4	-4200	0.00512
-2.08E-4	6.4E-4	-4200	0.00512
-2.078E-4	8E-4	-4200	0.00512
-2.076E-4	9.6E-4	-4200	0.00528
-2.074E-4	8E-4	-4000	0.00512
-2.072E-4	8E-4	-4200	0.00528
-2.07E-4	6.4E-4	-4000	0.00528
-2.068E-4	8E-4	-4000	0.00528
-2.066E-4	8E-4	-3800	0.00544
-2.064E-4	6.4E-4	-3800	0.00544
-2.062E-4	9.6E-4	-3800	0.00544
-2.06E-4	8E-4	-3800	0.00544
-2.058E-4	9.6E-4	-4000	0.00544
-2.056E-4	9.6E-4	-3800	0.00544
-2.054E-4	9.6E-4	-3800	0.00544
-2.052E-4	6.4E-4	-3600	0.0056
-2.05E-4	6.4E-4	-3600	0.0056
-2.048E-4	8E-4	-3600	0.00544
-2.046E-4	8E-4	-3400	0.0056
-2.044E-4	0.00112	-3200	0.00544
-2.042E-4	9.6E-4	-3400	0.00576
-2.04E-4	9.6E-4	-3000	0.0056
-2.038E-4	8E-4	-3200	0.00576
-2.036E-4	9.6E-4	-3200	0.00576
-2.034E-4	9.6E-4	-3200	0.00576
-2.032E-4	9.6E-4	-3000	0.00592
-2.03E-4	8E-4	-3000	0.00576
-2.028E-4	9.6E-4	-3000	0.00592
-2.026E-4	9.6E-4	-2600	0.00576
-2.024E-4	9.6E-4	-2800	0.00576
-2.022E-4	8E-4	-2800	0.00576
-2.02E-4	8E-4	-2800	0.00592
-2.018E-4	9.6E-4	-2600	0.00592
-2.016E-4	9.6E-4	-2600	0.00608
-2.014E-4	6.4E-4	-2600	0.00608
-2.012E-4	9.6E-4	-2600	0.00576
-2.01E-4	9.6E-4	-2400	0.00592
-2.008E-4	8E-4	-2600	0.00608
-2.006E-4	8E-4	-2200	0.00592
-2.004E-4	9.6E-4	-2200	0.00608
-2.002E-4	0.00112	-2400	0.00608
-2E-4	8E-4	-2200	0.00592
-1.998E-4	8E-4	-2200	0.00608
-1.996E-4	0.00112	-2200	0.00608
-1.994E-4	0.00112	-2200	0.00624
-1.992E-4	0.00112	-2200	0.00608
-1.99E-4	0.00112	-2000	0.00624
-1.988E-4	9.6E-4	-1800	0.00608
-1.986E-4	8E-4	-1800	0.00608
-1.984E-4	9.6E-4	-1800	0.00608
-1.982E-4	8E-4	-1600	0.00624
-1.98E-4	9.6E-4	-1800	0.00608
-1.978E-4	9.6E-4	-1800	0.0064
-1.976E-4	8E-4	-1800	0.00624
-1.974E-4	9.6E-4	-1400	0.00608
-1.972E-4	0.00112	-1600	0.0064
-1.97E-4	9.6E-4	-1400	0.00624
-1.968E-4	9.6E-4	-1200	0.00624
-1.966E-4	8E-4	-1000	0.0064
-1.964E-4	8E-4	-1200	0.0064
-1.962E-4	0.00112	-1000	0.0064
-1.96E-4	9.6E-4	-1200	0.0064
-1.958E-4	9.6E-4	-1200	0.0064
-1.956E-4	8E-4	-800	0.0064
-1.954E-4	8E-4	-1000	0.0064
-1.952E-4	8E-4	-1000	0.00624
-1.95E-4	0.00112	-800	0.0064
-1.948E-4	9.6E-4	-1000	0.0064
-1.946E-4	0.00112	-400	0.0064
-1.944E-4	0.00112	-800	0.0064
-1.942E-4	0.00112	-600	0.0064
-1.94E-4	9.6E-4	-600	0.0064
-1.938E-4	0.00112	-600	0.00656
-1.936E-4	8E-4	-400	0.00656
-1.934E-4	8E-4	-400	0.0064
-1.932E-4	9.6E-4	-400	0.0064
-1.93E-4	9.6E-4	-400	0.0064
-1.928E-4	0.00112	-200	0.00624
-1.926E-4	0.00112	-200	0.00624
-1.924E-4	0.00112	0	0.0064
-1.922E-4	0.00128	0	0.0064
-1.92E-4	9.6E-4	0	0.00656
-1.918E-4	0.00112	0	0.00656
-1.916E-4	9.6E-4	400	0.0064
-1.914E-4	0.00112	400	0.00656
-1.912E-4	9.6E-4	400	0.00656
-1.91E-4	9.6E-4	200	0.00656
-1.908E-4	0.00128	400	0.00656
-1.906E-4	0.00128	400	0.0064
-1.904E-4	8E-4	600	0.00656
-1.902E-4	0.00112	600	0.00656
-1.9E-4	0.00112	600	0.00656
-1.898E-4	9.6E-4	600	0.0064
-1.896E-4	0.00144	800	0.0064
-1.894E-4	0.00112	800	0.00656
-1.892E-4	0.00112	800	0.0064
-1.89E-4	0.00112	1000	0.0064
-1.888E-4	0.00144	800	0.00656
-1.886E-4	9.6E-4	1000	0.00656
-1.884E-4	0.00112	1600	0.00656
-1.882E-4	9.6E-4	1200	0.0064
-1.88E-4	9.6E-4	1400	0.0064
-1.878E-4	0.00112	1200	0.00672
-1.876E-4	0.00112	1400	0.00656
-1.874E-4	8E-4	1200	0.00656
-1.872E-4	9.6E-4	1600	0.00656
-1.87E-4	0.00128	1400	0.00656
-1.868E-4	9.6E-4	1600	0.0064
-1.866E-4	9.6E-4	1800	0.0064
-1.864E-4	0.00112	1400	0.00656
-1.862E-4	0.00112	1800	0.00656
-1.86E-4	9.6E-4	1600	0.0064
-1.858E-4	0.00112	2000	0.00656
-1.856E-4	0.00128	2000	0.00656
-1.854E-4	9.6E-4	2000	0.00624
-1.852E-4	8E-4	1800	0.00656
-1.85E-4	8E-4	2200	0.0064
-1.848E-4	9.6E-4	2000	0.00656
-1.846E-4	0.00112	2400	0.00656
-1.844E-4	0.00112	2200	0.0064
-1.842E-4	0.00112	2200	0.012
-1.84E-4	0.00256	2200	0.00672
-1.838E-4	0.00304	2200	0.00592
-1.836E-4	0.00256	2400	0.00624
-1.834E-4	0.00208	2400	0.0064
-1.832E-4	0.0016	2600	0.0064
-1.83E-4	0.00144	2600	0.00672
-1.828E-4	0.00144	2400	0.0064
-1.826E-4	0.00112	2600	0.0064
-1.824E-4	0.00128	2800	0.0064
-1.822E-4	9.6E-4	2600	0.0064
-1.82E-4	0.00128	2600	0.0064
-1.818E-4	0.00128	2800	0.00896
-1.816E-4	0.00848	2800	0.00656
-1.814E-4	0.00864	3200	0.00448
-1.812E-4	0.00624	3000	0.0048
-1.81E-4	0.00432	3000	0.00544
-1.808E-4	0.00288	3000	0.00592
-1.806E-4	0.00224	3200	0.00608
-1.804E-4	0.00176	3200	0.00624
-1.802E-4	0.00128	2800	0.00624
-1.8E-4	0.00128	3200	0.0064
-1.798E-4	0.00128	3200	0.00624
-1.796E-4	0.00128	3200	0.0064
-1.794E-4	0.00112	3200	0.00608
-1.792E-4	0.00128	3200	0.0064
-1.79E-4	0.00112	3400	0.00592
-1.788E-4	0.00144	3600	0.00608
-1.786E-4	9.6E-4	3600	0.00608
-1.784E-4	0.00112	3800	0.00672
-1.782E-4	0.00256	3800	0.00624
-1.78E-4	0.0032	3800	0.00592
-1.778E-4	0.00288	3600	0.00608
-1.776E-4	0.00208	3600	0.00592
-1.774E-4	0.00192	3800	0.00608
-1.772E-4	0.00144	4000	0.00608
-1.77E-4	0.00128	4000	0.00608
-1.768E-4	0.00112	4000	0.00704
-1.766E-4	0.00208	4000	0.00544
-1.764E-4	0.00224	4000	0.00576
-1.762E-4	0.00208	3800	0.00592
-1.76E-4	0.00176	4400	0.00592
-1.758E-4	0.0016	4200	0.00608
-1.756E-4	0.00144	4200	0.00608
-1.754E-4	0.00128	4200	0.00592
-1.752E-4	0.0016	4200	0.00592
-1.75E-4	0.00144	4200	0.00576
-1.748E-4	0.0016	4600	0.00672
-1.746E-4	0.00272	4400	0.008
-1.744E-4	0.00608	4400	0.00384
-1.742E-4	0.00688	4600	0.00336
-1.74E-4	0.0056	4400	0.00416
-1.738E-4	0.00384	4600	0.00496
-1.736E-4	0.00272	4600	0.00528
-1.734E-4	0.00224	4600	0.00544
-1.732E-4	0.00192	4600	0.0056
-1.73E-4	0.00144	4800	0.00544
-1.728E-4	0.00128	4800	0.00544
-1.726E-4	0.00128	4800	0.00592
-1.724E-4	0.00128	5000	0.00608
-1.722E-4	0.00384	5000	0.00512
-1.72E-4	0.00416	5000	0.0048
-1.718E-4	0.0032	5000	0.00496
-1.716E-4	0.00384	5200	0.00448
-1.714E-4	0.00688	5200	0.00368
-1.712E-4	0.0048	4800	0.00464
-1.71E-4	0.00336	5000	0.0048
-1.708E-4	0.00256	5200	0.00752
-1.706E-4	0.00384	5200	0.00464
-1.704E-4	0.004	5200	0.00448
-1.702E-4	0.00336	5000	0.0048
-1.7E-4	0.00304	5200	0.00464
-1.698E-4	0.00272	5600	0.0048
-1.696E-4	0.00192	5200	0.00496
-1.694E-4	0.00176	5200	0.00512
-1.692E-4	0.00144	5200	0.0056
-1.69E-4	0.00176	5400	0.00592
-1.688E-4	0.00192	5600	0.00464
-1.686E-4	0.00224	5400	0.00448
-1.684E-4	0.00208	5600	0.0048
-1.682E-4	0.0032	5800	0.00448
-1.68E-4	0.00624	5400	0.00288
-1.678E-4	0.00656	5800	0.00272
-1.676E-4	0.00576	5400	0.00336
-1.674E-4	0.00416	5600	0.00384
-1.672E-4	0.0032	5800	0.00448
-1.67E-4	0.00256	5800	0.0048
-1.668E-4	0.00208	5800	0.0048
-1.666E-4	0.00192	5800	0.00496
-1.664E-4	0.00144	5800	0.00464
-1.662E-4	0.00144	5800	0.00528
-1.66E-4	0.00128	6000	0.00544
-1.658E-4	0.00192	6000	0.00512
-1.656E-4	0.00192	6000	0.00544
-1.654E-4	0.00336	6200	0.00272
-1.652E-4	0.00448	6000	0.00336
-1.65E-4	0.004	6000	0.0032
-1.648E-4	0.00944	6200	0
-1.646E-4	0.00816	6000	0.00192
-1.644E-4	0.00592	6000	0.00336
-1.642E-4	0.00432	6200	0.00336
-1.64E-4	0.0032	6400	0.00432
-1.638E-4	0.00272	6200	0.00352
-1.636E-4	0.00224	6400	0.004
-1.634E-4	0.00208	6200	0.00496
-1.632E-4	0.00208	6200	0.00432
-1.63E-4	0.00192	6200	0.004
-1.628E-4	0.00176	6400	0.00384
-1.626E-4	0.0016	6400	0.004
-1.624E-4	0.00128	6400	0.004
-1.622E-4	0.00144	6400	0.00464
-1.62E-4	0.00816	6400	-0.00448
-1.618E-4	0.01216	6400	0.00144
-1.616E-4	0.00736	6400	0.0032
-1.614E-4	0.00496	6200	0.00272
-1.612E-4	0.004	6200	0.00272
-1.61E-4	0.0032	6400	0.00368
-1.608E-4	0.00256	6400	0.00384
-1.606E-4	0.00176	6600	0.00432
-1.604E-4	0.00144	6600	0.004
-1.602E-4	0.00128	6400	0.00368
-1.6E-4	0.00144	6800	0.00368
-1.598E-4	0.00128	6600	0.004
-1.596E-4	0.00112	6600	0.00384
-1.594E-4	0.00112	6800	0.00384
-1.592E-4	9.6E-4	6600	0.00368
-1.59E-4	9.6E-4	6600	0.00368
-1.588E-4	0.00128	7000	0.00352
-1.586E-4	0.0016	7000	0.004
-1.584E-4	0.00192	7000	0.0032
-1.582E-4	0.0016	7000	0.0032
-1.58E-4	0.0016	6800	0.0032
-1.578E-4	0.00128	6800	0.00336
-1.576E-4	0.00432	6800	0.0032
-1.574E-4	0.00624	7200	0.00176
-1.572E-4	0.0072	6800	0.00128
-1.57E-4	0.00624	7000	8E-4
-1.568E-4	0.0048	7000	0.00192
-1.566E-4	0.00384	7200	0.00272
-1.564E-4	0.00272	6800	0.00304
-1.562E-4	0.00208	7200	0.0032
-1.56E-4	0.00144	7000	0.00336
-1.558E-4	0.00112	7000	0.00336
-1.556E-4	9.6E-4	7000	0.00336
-1.554E-4	9.6E-4	7200	0.0032
-1.552E-4	9.6E-4	7200	0.00368
-1.55E-4	0.00128	7400	0.0032
-1.548E-4	0.00144	7200	0.00288
-1.546E-4	0.00128	7200	0.00288
-1.544E-4	0.00128	7200	0.00272
-1.542E-4	0.00112	7200	0.00288
-1.54E-4	9.6E-4	7400	0.00176
-1.538E-4	0.00576	7400	-0.00192
-1.536E-4	0.00656	7400	0.00112
-1.534E-4	0.004	7200	0.00208
-1.532E-4	0.0024	7400	0.00256
-1.53E-4	0.0016	7200	0.00256
-1.528E-4	0.00144	7200	0.00256
-1.526E-4	0.00128	7400	0.00256
-1.524E-4	9.6E-4	7600	0.00272
-1.522E-4	9.6E-4	7600	0.00272
-1.52E-4	0.00128	7400	-0.004
-1.518E-4	0.01344	7400	-0.0016
-1.516E-4	0.00848	7400	0.00176
-1.514E-4	0.0136	7400	-0.0032
-1.512E-4	0.00944	7200	3.2E-4
-1.51E-4	0.00576	7400	0.00144
-1.508E-4	0.00336	7600	0.00176
-1.506E-4	0.00208	7600	0.00224
-1.504E-4	0.0016	7400	0.00208
-1.502E-4	0.00112	7400	0.00224
-1.5E-4	0.00192	7400	0.00208
-1.498E-4	0.00144	7400	0.0016
-1.496E-4	0.00176	7600	0.00192
-1.494E-4	0.00144	7600	0.00192
-1.492E-4	0.00112	7400	0.00176
-1.49E-4	9.6E-4	7400	0.00192
-1.488E-4	4.8E-4	7400	0.00192
-1.486E-4	9.6E-4	7800	0.00128
-1.484E-4	0.00224	7800	9.6E-4
-1.482E-4	0.00144	7400	0.00176
-1.48E-4	0.00112	7800	0.00176
-1.478E-4	8E-4	7600	0.00192
-1.476E-4	9.6E-4	7600	0.00176
-1.474E-4	8E-4	7800	0.00208
-1.472E-4	8E-4	7800	0.0016
-1.47E-4	8E-4	7800	0.00176
-1.468E-4	8E-4	7600	0.00176
-1.466E-4	8E-4	7600	0.00176
-1.464E-4	8E-4	7600	0.00272
-1.462E-4	0.00128	7600	0.00224
-1.46E-4	0.00112	7600	0.00128
-1.458E-4	0.00112	7600	0.00112
-1.456E-4	9.6E-4	7600	0.00112
-1.454E-4	6.4E-4	7800	0.00256
-1.452E-4	0.00704	7800	-0.00224
-1.45E-4	0.0104	7800	-0.00384
-1.448E-4	0.01424	7600	-0.00288
-1.446E-4	0.00816	7600	-4.8E-4
-1.444E-4	0.00464	7400	1.6E-4
-1.442E-4	0.00272	7800	6.4E-4
-1.44E-4	0.00192	7600	6.4E-4
-1.438E-4	9.6E-4	7600	8E-4
-1.436E-4	8E-4	8000	9.6E-4
-1.434E-4	9.6E-4	7600	0.00112
-1.432E-4	8E-4	7400	8E-4
-1.43E-4	8E-4	7600	8E-4
-1.428E-4	8E-4	7600	9.6E-4
-1.426E-4	6.4E-4	7800	8E-4
-1.424E-4	4.8E-4	7600	8E-4
-1.422E-4	4.8E-4	7600	6.4E-4
-1.42E-4	4.8E-4	7800	6.4E-4
-1.418E-4	8E-4	7800	6.4E-4
-1.416E-4	3.2E-4	7600	6.4E-4
-1.414E-4	4.8E-4	8000	6.4E-4
-1.412E-4	3.2E-4	7800	4.8E-4
-1.41E-4	6.4E-4	7800	3.2E-4
-1.408E-4	4.8E-4	7600	4.8E-4
-1.406E-4	9.6E-4	7600	0
-1.404E-4	0.00192	7800	-3.2E-4
-1.402E-4	0.00144	7800	0
-1.4E-4	8E-4	7600	1.6E-4
-1.398E-4	6.4E-4	7600	1.6E-4
-1.396E-4	4.8E-4	7600	1.6E-4
-1.394E-4	4.8E-4	7600	1.6E-4
-1.392E-4	3.2E-4	7600	0
-1.39E-4	3.2E-4	7800	0
-1.388E-4	3.2E-4	8000	0
-1.386E-4	4.8E-4	7800	0
-1.384E-4	3.2E-4	7800	-1.6E-4
-1.382E-4	3.2E-4	7600	-1.6E-4
-1.38E-4	3.2E-4	7600	0
-1.378E-4	4.8E-4	7600	-1.6E-4
-1.376E-4	3.2E-4	7800	-3.2E-4
-1.374E-4	1.6E-4	7800	-1.6E-4
-1.372E-4	3.2E-4	7600	-3.2E-4
-1.37E-4	1.6E-4	7800	-4.8E-4
-1.368E-4	4.8E-4	8000	-3.2E-4
-1.366E-4	1.6E-4	7400	-3.2E-4
-1.364E-4	1.6E-4	7600	-6.4E-4
-1.362E-4	3.2E-4	7600	-4.8E-4
-1.36E-4	1.6E-4	7400	-4.8E-4
-1.358E-4	0	7400	-4.8E-4
-1.356E-4	1.6E-4	7600	-6.4E-4
-1.354E-4	1.6E-4	7600	-6.4E-4
-1.352E-4	1.6E-4	7800	-4.8E-4
-1.35E-4	1.6E-4	7600	-8E-4
-1.348E-4	1.6E-4	7600	-6.4E-4
-1.346E-4	1.6E-4	7600	-6.4E-4
-1.344E-4	0	7600	-8E-4
-1.342E-4	1.6E-4	7600	-9.6E-4
-1.34E-4	0	7400	-9.6E-4
-1.338E-4	1.6E-4	7600	-9.6E-4
-1.336E-4	3.2E-4	7400	-8E-4
-1.334E-4	0	7600	-0.00128
-1.332E-4	1.6E-4	7600	-0.00112
-1.33E-4	1.6E-4	7600	-0.00128
-1.328E-4	3.2E-4	7400	-0.00128
-1.326E-4	1.6E-4	7600	-0.00112
-1.324E-4	1.6E-4	7400	-0.00112
-1.322E-4	0	7600	-0.00144
-1.32E-4	1.6E-4	7600	-0.00144
-1.318E-4	0	7400	-0.00144
-1.316E-4	0	7400	-0.00144
-1.314E-4	0	7400	-0.00144
-1.312E-4	1.6E-4	7400	-0.00144
-1.31E-4	0	7800	-0.0016
-1.308E-4	-1.6E-4	7400	-0.0016
-1.306E-4	1.6E-4	7400	-0.0016
-1.304E-4	0	7400	-0.0016
-1.302E-4	3.2E-4	7600	-0.0016
-1.3E-4	0	7200	-0.00176
-1.298E-4	0	7200	-0.00192
-1.296E-4	3.2E-4	7600	-0.00176
-1.294E-4	1.6E-4	7200	-0.00192
-1.292E-4	-1.6E-4	7200	-0.00176
-1.29E-4	-1.6E-4	7200	-0.00192
-1.288E-4	-3.2E-4	7200	-0.00208
-1.286E-4	-1.6E-4	7400	-0.00208
-1.284E-4	0	7000	-0.00208
-1.282E-4	-1.6E-4	7400	-0.00208
-1.28E-4	-1.6E-4	7200	-0.00224
-1.278E-4	-3.2E-4	7200	-0.00224
-1.276E-4	0	7400	-0.00224
-1.274E-4	-3.2E-4	7200	-0.00208
-1.272E-4	-1.6E-4	7200	-0.0024
-1.27E-4	0	7000	-0.00224
-1.268E-4	-3.2E-4	7000	-0.0024
-1.266E-4	0	6800	-0.00256
-1.264E-4	-1.6E-4	6800	-0.0024
-1.262E-4	-1.6E-4	7000	-0.0024
-1.26E-4	-1.6E-4	7200	-0.00256
-1.258E-4	-3.2E-4	6600	-0.0024
-1.256E-4	-3.2E-4	6800	-0.00272
-1.254E-4	0	7000	-0.00256
-1.252E-4	0	6800	-0.00256
-1.25E-4	-1.6E-4	7000	-0.00272
-1.248E-4	-3.2E-4	6400	-0.00256
-1.246E-4	-1.6E-4	6800	-0.00272
-1.244E-4	-3.2E-4	6800	-0.00272
-1.242E-4	-3.2E-4	6600	-0.00272
-1.24E-4	-3.2E-4	6800	-0.00272
-1.238E-4	-1.6E-4	6800	-0.00288
-1.236E-4	-3.2E-4	6800	-0.00304
-1.234E-4	-3.2E-4	6800	-0.00288
-1.232E-4	-4.8E-4	6600	-0.00288
-1.23E-4	-1.6E-4	6800	-0.0032
-1.228E-4	-3.2E-4	6400	-0.0032
-1.226E-4	-3.2E-4	6600	-0.0032
-1.224E-4	-3.2E-4	6600	-0.0032
-1.222E-4	-3.2E-4	6400	-0.00336
-1.22E-4	-4.8E-4	6600	-0.0032
-1.218E-4	-4.8E-4	6200	-0.00336
-1.216E-4	-3.2E-4	6200	-0.0032
-1.214E-4	-6.4E-4	6200	-0.00336
-1.212E-4	-3.2E-4	6200	-0.00352
-1.21E-4	-6.4E-4	6000	-0.00352
-1.208E-4	-4.8E-4	6400	-0.00352
-1.206E-4	-6.4E-4	6400	-0.00352
-1.204E-4	-3.2E-4	6000	-0.00352
-1.202E-4	-3.2E-4	6000	-0.00352
-1.2E-4	-3.2E-4	6000	-0.00368
-1.198E-4	-4.8E-4	6200	-0.00336
-1.196E-4	-6.4E-4	5800	-0.00384
-1.194E-4	-6.4E-4	6000	-0.00368
-1.192E-4	-6.4E-4	6000	-0.00384
-1.19E-4	-4.8E-4	6000	-0.00384
-1.188E-4	-4.8E-4	6000	-0.00384
-1.186E-4	-4.8E-4	5800	-0.00384
-1.184E-4	-3.2E-4	5600	-0.00384
-1.182E-4	-8E-4	5800	-0.00384
-1.18E-4	-4.8E-4	5600	-0.004
-1.178E-4	-4.8E-4	5600	-0.00416
-1.176E-4	-6.4E-4	5600	-0.004
-1.174E-4	-6.4E-4	5800	-0.00416
-1.172E-4	-6.4E-4	5800	-0.004
-1.17E-4	-6.4E-4	5600	-0.004
-1.168E-4	-4.8E-4	5400	-0.00416
-1.166E-4	-6.4E-4	5400	-0.00416
-1.164E-4	-6.4E-4	5400	-0.00416
-1.162E-4	-8E-4	5200	-0.00416
-1.16E-4	-8E-4	5200	-0.00416
-1.158E-4	-6.4E-4	5400	-0.00432
-1.156E-4	-6.4E-4	5400	-0.00432
-1.154E-4	-6.4E-4	5400	-0.00432
-1.152E-4	-6.4E-4	5000	-0.00448
-1.15E-4	-8E-4	5000	-0.00432
-1.148E-4	-6.4E-4	5000	-0.00448
-1.146E-4	-9.6E-4	5200	-0.00448
-1.144E-4	-8E-4	5000	-0.00432
-1.142E-4	-8E-4	5000	-0.00432
-1.14E-4	-9.6E-4	5200	-0.00464
-1.138E-4	-4.8E-4	5000	-0.00448
-1.136E-4	-6.4E-4	4800	-0.00464
-1.134E-4	-6.4E-4	5000	-0.00464
-1.132E-4	-6.4E-4	5000	-0.00448
-1.13E-4	-4.8E-4	4800	-0.0048
-1.128E-4	-6.4E-4	5000	-0.0048
-1.126E-4	-6.4E-4	4800	-0.0048
-1.124E-4	-4.8E-4	4800	-0.0048
-1.122E-4	-6.4E-4	4800	-0.0048
-1.12E-4	-8E-4	4600	-0.00496
-1.118E-4	-8E-4	4400	-0.00496
-1.116E-4	-9.6E-4	4600	-0.0048
-1.114E-4	-6.4E-4	4200	-0.00496
-1.112E-4	-9.6E-4	4600	-0.00512
-1.11E-4	-6.4E-4	4400	-0.00496
-1.108E-4	-8E-4	4400	-0.00496
-1.106E-4	-9.6E-4	4400	-0.00512
-1.104E-4	-3.2E-4	4400	-0.00512
-1.102E-4	-9.6E-4	4000	-0.00528
-1.1E-4	-6.4E-4	4000	-0.00496
-1.098E-4	-6.4E-4	4000	-0.00512
-1.096E-4	-6.4E-4	4200	-0.00512
-1.094E-4	-8E-4	4000	-0.00512
-1.092E-4	-9.6E-4	4200	-0.00512
-1.09E-4	-0.00112	4000	-0.00528
-1.088E-4	-9.6E-4	4000	-0.00512
-1.086E-4	-9.6E-4	3800	-0.00528
-1.084E-4	-8E-4	3800	-0.00528
-1.082E-4	-9.6E-4	3800	-0.00528
-1.08E-4	-9.6E-4	3800	-0.00512
-1.078E-4	-8E-4	3600	-0.00528
-1.076E-4	-0.00112	3400	-0.00528
-1.074E-4	-9.6E-4	3600	-0.00544
-1.072E-4	-8E-4	3400	-0.00544
-1.07E-4	-9.6E-4	3400	-0.0056
-1.068E-4	-8E-4	3400	-0.00528
-1.066E-4	-9.6E-4	3200	-0.00544
-1.064E-4	-6.4E-4	3200	-0.0056
-1.062E-4	-9.6E-4	3400	-0.0056
-1.06E-4	-9.6E-4	3200	-0.00544
-1.058E-4	-0.00112	3200	-0.0056
-1.056E-4	-0.00112	3200	-0.00576
-1.054E-4	-8E-4	3000	-0.0056
-1.052E-4	-9.6E-4	3000	-0.00576
-1.05E-4	-0.00112	2800	-0.0056
-1.048E-4	-9.6E-4	2600	-0.00576
-1.046E-4	-9.6E-4	3000	-0.0056
-1.044E-4	-9.6E-4	2600	-0.00576
-1.042E-4	-0.00112	2800	-0.00576
-1.04E-4	-9.6E-4	3000	-0.00592
-1.038E-4	-9.6E-4	2600	-0.00576
-1.036E-4	-8E-4	2400	-0.00576
-1.034E-4	-9.6E-4	2600	-0.00592
-1.032E-4	-9.6E-4	2400	-0.00576
-1.03E-4	-9.6E-4	2400	-0.00576
-1.028E-4	-9.6E-4	2400	-0.00576
-1.026E-4	-0.00112	2200	-0.00576
-1.024E-4	-9.6E-4	2400	-0.00576
-1.022E-4	-9.6E-4	2200	-0.00576
-1.02E-4	-0.00128	2200	-0.00592
-1.018E-4	-9.6E-4	2000	-0.00592
-1.016E-4	-0.00112	2000	-0.00608
-1.014E-4	-8E-4	2000	-0.00592
-1.012E-4	-0.00112	1800	-0.00592
-1.01E-4	-0.00128	2000	-0.00608
-1.008E-4	-0.00128	1800	-0.00608
-1.006E-4	-8E-4	2000	-0.00592
-1.004E-4	-9.6E-4	1800	-0.00608
-1.002E-4	-0.00112	1600	-0.00608
-1E-4	-0.00112	1600	-0.00608
-9.98E-5	-0.00112	1800	-0.00608
-9.96E-5	-0.00112	1600	-0.00592
-9.94E-5	-0.00128	1200	-0.00592
-9.92E-5	-0.00112	1400	-0.00624
-9.9E-5	-9.6E-4	1600	-0.00624
-9.88E-5	-0.00112	1400	-0.00608
-9.86E-5	-0.00112	1200	-0.00624
-9.84E-5	-0.00112	1200	-0.00624
-9.82E-5	-9.6E-4	1200	-0.00608
-9.8E-5	-0.00112	1200	-0.00624
-9.78E-5	-0.00128	800	-0.00608
-9.76E-5	-0.00112	1200	-0.0064
-9.74E-5	-0.00112	1200	-0.00608
-9.72E-5	-0.00112	1000	-0.00624
-9.7E-5	-9.6E-4	600	-0.00608
-9.68E-5	-8E-4	800	-0.00624
-9.66E-5	-0.00112	600	-0.00608
-9.64E-5	-0.00112	800	-0.00608
-9.62E-5	-0.00144	400	-0.00624
-9.6E-5	-0.00112	600	-0.00624
-9.58E-5	-8E-4	600	-0.00624
-9.56E-5	-8E-4	600	-0.00624
-9.54E-5	-0.00112	400	-0.00624
-9.52E-5	-0.00112	400	-0.00624
-9.5E-5	-0.00112	200	-0.00608
-9.48E-5	-0.00112	400	-0.0064
-9.46E-5	-0.00112	400	-0.00624
-9.44E-5	-0.00112	200	-0.0064
-9.42E-5	-0.00128	200	-0.00608
-9.4E-5	-0.00112	0	-0.00624
-9.38E-5	-0.00112	-200	-0.0064
-9.36E-5	-0.00128	0	-0.0064
-9.34E-5	-0.00112	0	-0.0064
-9.32E-5	-8E-4	-400	-0.00624
-9.3E-5	-0.00128	-400	-0.0064
-9.28E-5	-0.00112	-400	-0.0064
-9.26E-5	-9.6E-4	-400	-0.0064
-9.24E-5	-0.00112	-200	-0.0064
-9.22E-5	-0.00112	-400	-0.0064
-9.2E-5	-0.00128	-400	-0.0064
-9.18E-5	-0.00128	-400	-0.00624
-9.16E-5	-9.6E-4	-600	-0.00624
-9.14E-5	-0.00128	-600	-0.0064
-9.12E-5	-0.00128	-800	-0.0064
-9.1E-5	-0.00112	-800	-0.00624
-9.08E-5	-0.00128	-800	-0.0064
-9.06E-5	-8E-4	-600	-0.00624
-9.04E-5	-0.00112	-800	-0.0064
-9.02E-5	-9.6E-4	-1000	-0.0064
-9E-5	-9.6E-4	-1000	-0.00624
-8.98E-5	-9.6E-4	-1000	-0.0064
-8.96E-5	-0.00112	-1200	-0.00624
-8.94E-5	-0.00128	-1000	-0.00624
-8.92E-5	-0.00128	-1400	-0.0064
-8.9E-5	-0.00112	-1200	-0.0064
-8.88E-5	-0.00128	-1600	-0.00608
-8.86E-5	-0.00112	-1200	-0.00608
-8.84E-5	-0.00128	-1400	-0.00624
-8.82E-5	-0.00112	-1600	-0.00624
-8.8E-5	-0.00112	-1600	-0.00624
-8.78E-5	-0.00128	-1600	-0.00624
-8.76E-5	-0.00128	-1800	-0.00624
-8.74E-5	-9.6E-4	-1800	-0.00608
-8.72E-5	-0.00112	-2000	-0.00624
-8.7E-5	-0.00112	-2000	-0.00624
-8.68E-5	-0.00112	-2000	-0.0064
-8.66E-5	-9.6E-4	-2000	-0.00624
-8.64E-5	-0.00128	-2000	-0.00608
-8.62E-5	-0.0016	-2200	-0.00624
-8.6E-5	-0.00128	-2000	-0.00624
-8.58E-5	-0.00128	-2200	-0.00624
-8.56E-5	-9.6E-4	-2000	-0.00624
-8.54E-5	-0.00112	-2200	-0.00624
-8.52E-5	-0.00112	-2400	-0.00608
-8.5E-5	-0.00128	-2400	-0.00624
-8.48E-5	-0.00128	-2200	-0.00608
-8.46E-5	-0.00144	-2600	-0.00624
-8.44E-5	-0.00128	-2600	-0.00608
-8.42E-5	-0.00144	-2600	-0.00608
-8.4E-5	-0.00112	-2800	-0.00592
-8.38E-5	-0.00112	-2800	-0.00608
-8.36E-5	-0.00112	-2600	-0.00608
-8.34E-5	-0.00112	-3000	-0.00608
-8.32E-5	-0.00128	-3000	-0.00608
-8.3E-5	-0.00112	-3000	-0.00624
-8.28E-5	-0.00112	-3000	-0.00608
-8.26E-5	-9.6E-4	-2800	-0.00592
-8.24E-5	-0.00112	-2800	-0.00608
-8.22E-5	-0.00128	-3400	-0.00592
-8.2E-5	-0.00112	-3000	-0.00608
-8.18E-5	-0.00128	-3000	-0.00608
-8.16E-5	-9.6E-4	-3400	-0.00592
-8.14E-5	-0.00128	-3400	-0.00592
-8.12E-5	-0.00112	-3400	-0.00592
-8.1E-5	-0.00128	-3400	-0.00592
-8.08E-5	-9.6E-4	-3600	-0.00592
-8.06E-5	-0.00112	-3600	-0.00592
-8.04E-5	-0.00112	-3600	-0.00592
-8.02E-5	-0.00112	-3800	-0.00576
-8E-5	-0.00112	-3400	-0.00592
-7.98E-5	-0.00128	-3600	-0.00576
-7.96E-5	-0.00128	-4000	-0.0056
-7.94E-5	-0.00112	-3800	-0.00592
-7.92E-5	-9.6E-4	-3600	-0.0056
-7.9E-5	-0.00112	-3800	-0.00576
-7.88E-5	-0.00112	-4000	-0.00576
-7.86E-5	-0.00112	-4000	-0.0064
-7.84E-5	-8E-4	-4000	-0.00576
-7.82E-5	-0.00128	-4400	-0.00576
-7.8E-5	-0.00128	-4200	-0.0056
-7.78E-5	-0.00128	-4200	-0.0056
-7.76E-5	-0.00112	-4200	-0.0056
-7.74E-5	-9.6E-4	-4000	-0.00544
-7.72E-5	-9.6E-4	-4400	-0.00544
-7.7E-5	-9.6E-4	-4400	-0.0056
-7.68E-5	-0.00112	-4600	-0.0056
-7.66E-5	-0.00128	-4600	-0.00528
-7.64E-5	-0.00112	-4400	-0.0056
-7.62E-5	-9.6E-4	-4600	-0.0056
-7.6E-5	-0.00112	-4400	-0.00544
-7.58E-5	-9.6E-4	-4400	-0.00528
-7.56E-5	-0.00128	-4600	-0.0056
-7.54E-5	-0.00112	-4800	-0.00528
-7.52E-5	-9.6E-4	-4800	-0.00544
-7.5E-5	-9.6E-4	-5000	-0.00528
-7.48E-5	-0.00112	-4800	-0.00528
-7.46E-5	-0.00112	-4800	-0.00528
-7.44E-5	-0.00144	-5000	-0.00528
-7.42E-5	-0.00112	-5000	-0.00592
-7.4E-5	-9.6E-4	-5000	-0.00544
-7.38E-5	-0.00112	-5000	-0.00544
-7.36E-5	-8E-4	-5000	-0.00496
-7.34E-5	-0.00112	-5200	-0.00528
-7.32E-5	-9.6E-4	-5200	-0.00528
-7.3E-5	-9.6E-4	-5400	-0.00528
-7.28E-5	-8E-4	-5400	-0.00512
-7.26E-5	-0.00112	-5200	-0.0048
-7.24E-5	-8E-4	-5200	-0.00512
-7.22E-5	-9.6E-4	-5400	-0.00496
-7.2E-5	-9.6E-4	-5400	-0.0048
-7.18E-5	-9.6E-4	-5800	-0.00496
-7.16E-5	-9.6E-4	-5400	-0.00496
-7.14E-5	-9.6E-4	-5600	-0.00496
-7.12E-5	-9.6E-4	-5600	-0.0048
-7.1E-5	-0.00112	-6000	-0.00512
-7.08E-5	-4.8E-4	-5400	-0.0048
-7.06E-5	-9.6E-4	-5800	-0.00464
-7.04E-5	-8E-4	-6000	-0.0048
-7.02E-5	-8E-4	-5800	-0.0048
-7E-5	-8E-4	-6000	-0.00464
-6.98E-5	-9.6E-4	-6000	-0.00464
-6.96E-5	-8E-4	-5600	-0.00496
-6.94E-5	-0.00112	-6000	-0.00464
-6.92E-5	-8E-4	-6000	-0.0048
-6.9E-5	-8E-4	-6000	-0.00448
-6.88E-5	-9.6E-4	-5800	-0.00448
-6.86E-5	-0.00112	-6200	-0.00448
-6.84E-5	-9.6E-4	-6200	-0.00432
-6.82E-5	-8E-4	-6000	-0.00432
-6.8E-5	-9.6E-4	-6000	-0.00448
-6.78E-5	-8E-4	-6400	-0.00432
-6.76E-5	-6.4E-4	-6400	-0.00416
-6.74E-5	-6.4E-4	-6400	-0.00432
-6.72E-5	-6.4E-4	-6200	-0.00432
-6.7E-5	-9.6E-4	-6400	-0.004
-6.68E-5	-8E-4	-6400	-0.004
-6.66E-5	-9.6E-4	-6400	-0.00416
-6.64E-5	-9.6E-4	-6600	-0.004
-6.62E-5	-9.6E-4	-6400	-0.00464
-6.6E-5	-8E-4	-6600	-0.00608
-6.58E-5	-1.6E-4	-6600	-0.00448
-6.56E-5	-6.4E-4	-6800	-0.004
-6.54E-5	-8E-4	-6600	-0.004
-6.52E-5	-9.6E-4	-6600	-0.004
-6.5E-5	-6.4E-4	-6600	-0.00384
-6.48E-5	-9.6E-4	-6600	-0.00384
-6.46E-5	-9.6E-4	-6800	-0.00368
-6.44E-5	-9.6E-4	-6600	-0.00368
-6.42E-5	-8E-4	-6800	-0.00368
-6.4E-5	-8E-4	-6800	-0.00384
-6.38E-5	-8E-4	-6800	-0.00352
-6.36E-5	-6.4E-4	-6800	-0.00352
-6.34E-5	-6.4E-4	-7000	-0.00352
-6.32E-5	-6.4E-4	-6800	-0.00352
-6.3E-5	-8E-4	-7200	-0.00352
-6.28E-5	-8E-4	-6800	-0.00336
-6.26E-5	-6.4E-4	-7000	-0.00352
-6.24E-5	-9.6E-4	-7000	-0.00432
-6.22E-5	-3.2E-4	-7000	-0.00368
-6.2E-5	-6.4E-4	-7000	-0.00368
-6.18E-5	-6.4E-4	-7200	-0.00352
-6.16E-5	-8E-4	-7200	-0.00336
-6.14E-5	-8E-4	-7000	-0.00304
-6.12E-5	-8E-4	-7200	-0.00336
-6.1E-5	-4.8E-4	-7200	-0.00336
-6.08E-5	-6.4E-4	-7000	-0.0032
-6.06E-5	-4.8E-4	-7400	-0.0032
-6.04E-5	-6.4E-4	-7200	-0.00272
-6.02E-5	-8E-4	-7200	-0.00288
-6E-5	-6.4E-4	-7400	-0.0032
-5.98E-5	-6.4E-4	-7400	-0.00288
-5.96E-5	-8E-4	-7400	-0.00304
-5.94E-5	-4.8E-4	-7400	-0.00304
-5.92E-5	-4.8E-4	-7400	-0.00288
-5.9E-5	-6.4E-4	-7400	-0.00272
-5.88E-5	-6.4E-4	-7400	-0.00272
-5.86E-5	-4.8E-4	-7400	-0.00256
-5.84E-5	-6.4E-4	-7400	-0.00256
-5.82E-5	-6.4E-4	-7400	-0.00256
-5.8E-5	-8E-4	-7400	-0.0024
-5.78E-5	-8E-4	-7600	-0.00256
-5.76E-5	-4.8E-4	-7600	-0.0024
-5.74E-5	-4.8E-4	-7600	-0.0024
-5.72E-5	-6.4E-4	-7800	-0.0024
-5.7E-5	-6.4E-4	-7600	-0.0024
-5.68E-5	-4.8E-4	-7600	-0.0024
-5.66E-5	-6.4E-4	-7600	-0.00208
-5.64E-5	-4.8E-4	-7600	-0.00208
-5.62E-5	-6.4E-4	-7800	-0.00208
-5.6E-5	-3.2E-4	-7600	-0.00192
-5.58E-5	-4.8E-4	-7600	-0.00208
-5.56E-5	-4.8E-4	-7600	-0.00176
-5.54E-5	-4.8E-4	-7600	-0.00192
-5.52E-5	-6.4E-4	-7600	-0.00208
-5.5E-5	-4.8E-4	-7600	-0.00192
-5.48E-5	-6.4E-4	-7800	-0.00192
-5.46E-5	-6.4E-4	-7800	-0.00176
-5.44E-5	-3.2E-4	-7800	-0.00176
-5.42E-5	-4.8E-4	-7800	-0.00176
-5.4E-5	-6.4E-4	-7600	-0.00176
-5.38E-5	-3.2E-4	-7600	-0.00176
-5.36E-5	-1.6E-4	-7600	-0.00192
-5.34E-5	-3.2E-4	-7800	-0.0016
-5.32E-5	-3.2E-4	-7600	-0.00128
-5.3E-5	-3.2E-4	-8000	-0.00128
-5.28E-5	-3.2E-4	-7600	-0.00144
-5.26E-5	-1.6E-4	-7800	-0.00144
-5.24E-5	-3.2E-4	-7800	-0.00128
-5.22E-5	-4.8E-4	-7800	-0.00112
-5.2E-5	-1.6E-4	-7800	-0.00128
-5.18E-5	-1.6E-4	-7800	-0.00112
-5.16E-5	-3.2E-4	-7800	-0.00112
-5.14E-5	-4.8E-4	-7800	-0.00112
-5.12E-5	-6.4E-4	-7800	-0.00112
-5.1E-5	0	-7800	-9.6E-4
-5.08E-5	-3.2E-4	-8000	-9.6E-4
-5.06E-5	0	-7800	-8E-4
-5.04E-5	0	-8000	-8E-4
-5.02E-5	0	-7800	-8E-4
-5E-5	-3.2E-4	-7600	-9.6E-4
-4.98E-5	-4.8E-4	-7400	-8E-4
-4.96E-5	-4.8E-4	-8000	-8E-4
-4.94E-5	-1.6E-4	-7600	-8E-4
-4.92E-5	-3.2E-4	-7800	-6.4E-4
-4.9E-5	-1.6E-4	-7800	-6.4E-4
-4.88E-5	-4.8E-4	-7800	-3.2E-4
-4.86E-5	-1.6E-4	-7600	-4.8E-4
-4.84E-5	-3.2E-4	-7800	-3.2E-4
-4.82E-5	-1.6E-4	-7800	-4.8E-4
-4.8E-5	-1.6E-4	-8000	-4.8E-4
-4.78E-5	0	-8000	-3.2E-4
-4.76E-5	-1.6E-4	-7800	-1.6E-4
-4.74E-5	0	-8200	-1.6E-4
-4.72E-5	-1.6E-4	-8000	-3.2E-4
-4.7E-5	0	-8000	0
-4.68E-5	-1.6E-4	-8000	0
-4.66E-5	-1.6E-4	-7800	-1.6E-4
-4.64E-5	-1.6E-4	-8000	1.6E-4
-4.62E-5	1.6E-4	-8000	1.6E-4
-4.6E-5	0	-7800	1.6E-4
-4.58E-5	0	-8000	0
-4.56E-5	0	-7600	0
-4.54E-5	-3.2E-4	-7600	1.6E-4
-4.52E-5	-1.6E-4	-7800	4.8E-4
-4.5E-5	-3.2E-4	-7800	4.8E-4
-4.48E-5	-3.2E-4	-7800	4.8E-4
-4.46E-5	-1.6E-4	-7800	3.2E-4
-4.44E-5	0	-7800	4.8E-4
-4.42E-5	0	-7800	6.4E-4
-4.4E-5	0	-7800	6.4E-4
-4.38E-5	1.6E-4	-7800	6.4E-4
-4.36E-5	1.6E-4	-7800	8E-4
-4.34E-5	-1.6E-4	-7800	8E-4
-4.32E-5	0	-7600	8E-4
-4.3E-5	0	-7600	8E-4
-4.28E-5	1.6E-4	-7600	8E-4
-4.26E-5	0	-7600	8E-4
-4.24E-5	1.6E-4	-7800	9.6E-4
-4.22E-5	-1.6E-4	-7600	9.6E-4
-4.2E-5	1.6E-4	-7800	8E-4
-4.18E-5	-1.6E-4	-7800	9.6E-4
-4.16E-5	-1.6E-4	-7600	0.00112
-4.14E-5	0	-7800	0.00112
-4.12E-5	3.2E-4	-7600	0.00128
-4.1E-5	1.6E-4	-7600	0.00128
-4.08E-5	1.6E-4	-7600	0.00112
-4.06E-5	0	-7600	0.0016
-4.04E-5	3.2E-4	-7200	0.00144
-4.02E-5	0	-7600	0.00144
-4E-5	1.6E-4	-7600	0.0016
-3.98E-5	0	-7400	0.0016
-3.96E-5	1.6E-4	-7400	0.0016
-3.94E-5	3.2E-4	-7400	0.0016
-3.92E-5	1.6E-4	-7600	0.0016
-3.9E-5	0	-7400	0.00176
-3.88E-5	1.6E-4	-7400	0.00192
-3.86E-5	0	-7200	0.00176
-3.84E-5	0	-7400	0.00176
-3.82E-5	3.2E-4	-7400	0.00192
-3.8E-5	1.6E-4	-7400	0.00208
-3.78E-5	1.6E-4	-7400	0.00192
-3.76E-5	3.2E-4	-7400	0.00208
-3.74E-5	1.6E-4	-7400	0.00208
-3.72E-5	3.2E-4	-7200	0.00224
-3.7E-5	1.6E-4	-7400	0.00208
-3.68E-5	1.6E-4	-7400	0.00208
-3.66E-5	3.2E-4	-7200	0.00224
-3.64E-5	1.6E-4	-7000	0.00224
-3.62E-5	3.2E-4	-6800	0.0024
-3.6E-5	3.2E-4	-7000	0.0024
-3.58E-5	1.6E-4	-7200	0.0024
-3.56E-5	1.6E-4	-7200	0.0024
-3.54E-5	1.6E-4	-7000	0.00224
-3.52E-5	1.6E-4	-7200	0.00256
-3.5E-5	3.2E-4	-7000	0.00272
-3.48E-5	1.6E-4	-7000	0.00256
-3.46E-5	4.8E-4	-7000	0.00256
-3.44E-5	3.2E-4	-7000	0.00256
-3.42E-5	1.6E-4	-6800	0.00256
-3.4E-5	3.2E-4	-6800	0.00256
-3.38E-5	4.8E-4	-7000	0.00288
-3.36E-5	1.6E-4	-6800	0.00288
-3.34E-5	3.2E-4	-6600	0.00304
-3.32E-5	4.8E-4	-6600	0.00288
-3.3E-5	6.4E-4	-6400	0.00304
-3.28E-5	4.8E-4	-6600	0.00288
-3.26E-5	4.8E-4	-6600	0.00304
-3.24E-5	3.2E-4	-6600	0.00304
-3.22E-5	4.8E-4	-6600	0.00304
-3.2E-5	3.2E-4	-6600	0.0032
-3.18E-5	4.8E-4	-6400	0.0032
-3.16E-5	3.2E-4	-6600	0.0032
-3.14E-5	1.6E-4	-6400	0.0032
-3.12E-5	6.4E-4	-6400	0.0032
-3.1E-5	4.8E-4	-6600	0.00336
-3.08E-5	4.8E-4	-6600	0.00336
-3.06E-5	6.4E-4	-6200	0.00352
-3.04E-5	6.4E-4	-6200	0.00352
-3.02E-5	4.8E-4	-6400	0.00352
-3E-5	4.8E-4	-6200	0.00352
-2.98E-5	3.2E-4	-6200	0.00368
-2.96E-5	4.8E-4	-6000	0.00352
-2.94E-5	4.8E-4	-6200	0.00368
-2.92E-5	6.4E-4	-6000	0.00368
-2.9E-5	3.2E-4	-6000	0.00384
-2.88E-5	6.4E-4	-6200	0.00384
-2.86E-5	4.8E-4	-6000	0.00384
-2.84E-5	4.8E-4	-5800	0.00384
-2.82E-5	6.4E-4	-6000	0.00384
-2.8E-5	4.8E-4	-5800	0.004
-2.78E-5	4.8E-4	-6000	0.004
-2.76E-5	6.4E-4	-6000	0.00416
-2.74E-5	9.6E-4	-5800	0.004
-2.72E-5	8E-4	-5800	0.004
-2.7E-5	4.8E-4	-5600	0.00432
-2.68E-5	6.4E-4	-5600	0.004
-2.66E-5	6.4E-4	-5600	0.00416
-2.64E-5	8E-4	-5600	0.00432
-2.62E-5	8E-4	-5400	0.00432
-2.6E-5	6.4E-4	-5600	0.00416
-2.58E-5	6.4E-4	-5400	0.00432
-2.56E-5	4.8E-4	-5400	0.00432
-2.54E-5	4.8E-4	-5000	0.00432
-2.52E-5	3.2E-4	-5400	0.00432
-2.5E-5	3.2E-4	-5200	0.00448
-2.48E-5	6.4E-4	-5200	0.00448
-2.46E-5	8E-4	-5000	0.00448
-2.44E-5	9.6E-4	-5000	0.00464
-2.42E-5	6.4E-4	-5000	0.00448
-2.4E-5	8E-4	-5200	0.00464
-2.38E-5	8E-4	-5000	0.00464
-2.36E-5	8E-4	-4800	0.00464
-2.34E-5	6.4E-4	-5000	0.00464
-2.32E-5	6.4E-4	-5000	0.00464
-2.3E-5	8E-4	-4800	0.0048
-2.28E-5	6.4E-4	-5000	0.0048
-2.26E-5	9.6E-4	-4800	0.0048
-2.24E-5	6.4E-4	-4800	0.00496
-2.22E-5	6.4E-4	-4600	0.00496
-2.2E-5	6.4E-4	-4400	0.00496
-2.18E-5	4.8E-4	-4600	0.00496
-2.16E-5	8E-4	-4600	0.00496
-2.14E-5	6.4E-4	-4600	0.00496
-2.12E-5	8E-4	-4400	0.00528
-2.1E-5	6.4E-4	-4400	0.00496
-2.08E-5	8E-4	-4400	0.00528
-2.06E-5	8E-4	-4000	0.00512
-2.04E-5	8E-4	-4400	0.00512
-2.02E-5	6.4E-4	-4200	0.00512
-2E-5	8E-4	-4200	0.00512
-1.98E-5	9.6E-4	-4000	0.00512
-1.96E-5	8E-4	-3800	0.00528
-1.94E-5	6.4E-4	-4000	0.00528
-1.92E-5	8E-4	-4000	0.00528
-1.9E-5	0.00112	-3800	0.00528
-1.88E-5	9.6E-4	-4000	0.00544
-1.86E-5	6.4E-4	-3800	0.00528
-1.84E-5	6.4E-4	-3800	0.00544
-1.82E-5	8E-4	-3400	0.0056
-1.8E-5	9.6E-4	-3800	0.00544
-1.78E-5	8E-4	-3800	0.0056
-1.76E-5	9.6E-4	-3600	0.00544
-1.74E-5	8E-4	-3400	0.0056
-1.72E-5	8E-4	-3400	0.0056
-1.7E-5	8E-4	-3400	0.0056
-1.68E-5	9.6E-4	-3400	0.0056
-1.66E-5	9.6E-4	-3200	0.0056
-1.64E-5	9.6E-4	-3000	0.00576
-1.62E-5	9.6E-4	-3200	0.00576
-1.6E-5	8E-4	-3200	0.00576
-1.58E-5	8E-4	-3200	0.00576
-1.56E-5	8E-4	-3000	0.00576
-1.54E-5	9.6E-4	-3000	0.00576
-1.52E-5	8E-4	-3000	0.0056
-1.5E-5	6.4E-4	-3000	0.00592
-1.48E-5	9.6E-4	-2800	0.00592
-1.46E-5	9.6E-4	-2800	0.00576
-1.44E-5	8E-4	-2800	0.00592
-1.42E-5	9.6E-4	-2800	0.00576
-1.4E-5	9.6E-4	-2800	0.00592
-1.38E-5	6.4E-4	-2600	0.00576
-1.36E-5	9.6E-4	-2400	0.00592
-1.34E-5	9.6E-4	-2200	0.00608
-1.32E-5	8E-4	-2200	0.00608
-1.3E-5	8E-4	-2200	0.00608
-1.28E-5	9.6E-4	-2400	0.00608
-1.26E-5	9.6E-4	-2200	0.00608
-1.24E-5	9.6E-4	-2400	0.00608
-1.22E-5	6.4E-4	-1800	0.00608
-1.2E-5	0.00112	-2200	0.00608
-1.18E-5	9.6E-4	-2200	0.00624
-1.16E-5	8E-4	-2000	0.00608
-1.14E-5	0.00128	-1800	0.00608
-1.12E-5	9.6E-4	-2000	0.00608
-1.1E-5	9.6E-4	-1800	0.00624
-1.08E-5	9.6E-4	-1600	0.00624
-1.06E-5	0.00112	-1800	0.00624
-1.04E-5	0.00112	-1600	0.00608
-1.02E-5	9.6E-4	-1200	0.0064
-1E-5	8E-4	-1600	0.00624
-9.8E-6	0.00112	-1200	0.00624
-9.6E-6	0.00112	-1600	0.0064
-9.4E-6	8E-4	-1200	0.0064
-9.2E-6	9.6E-4	-1400	0.00624
-9E-6	0.00112	-1200	0.0064
-8.8E-6	9.6E-4	-1200	0.00624
-8.6E-6	9.6E-4	-1200	0.00624
-8.4E-6	9.6E-4	-1000	0.0064
-8.2E-6	0.00144	-1000	0.00624
-8E-6	0.00112	-1000	0.0064
-7.8E-6	0.00112	-1000	0.00624
-7.6E-6	0.00112	-1000	0.0064
-7.4E-6	0.00128	-1000	0.0064
-7.2E-6	9.6E-4	-800	0.00624
-7E-6	8E-4	-600	0.0064
-6.8E-6	9.6E-4	-600	0.0064
-6.6E-6	9.6E-4	-600	0.00656
-6.4E-6	0.00128	-400	0.0064
-6.2E-6	9.6E-4	-400	0.0064
-6E-6	0.00128	-400	0.0064
-5.8E-6	9.6E-4	-200	0.0064
-5.6E-6	9.6E-4	-200	0.00656
-5.4E-6	6.4E-4	-200	0.0064
-5.2E-6	9.6E-4	-200	0.0064
-5E-6	0.00112	0	0.00656
-4.8E-6	0.00112	0	0.00656
-4.6E-6	0.00128	0	0.00656
-4.4E-6	9.6E-4	200	0.00624
-4.2E-6	9.6E-4	0	0.0064
-4E-6	9.6E-4	200	0.0064
-3.8E-6	0.00112	200	0.00656
-3.6E-6	0.00112	200	0.00656
-3.4E-6	9.6E-4	400	0.0064
-3.2E-6	0.00112	400	0.00656
-3E-6	9.6E-4	400	0.00624
-2.8E-6	0.00112	600	0.0064
-2.6E-6	0.00112	800	0.0064
-2.4E-6	0.00112	800	0.00624
-2.2E-6	0.00112	800	0.00624
-2E-6	9.6E-4	1000	0.00656
-1.8E-6	9.6E-4	800	0.00672
-1.6E-6	0.00112	1000	0.00656
-1.4E-6	0.00112	1000	0.0064
-1.2E-6	0.00112	800	0.00624
-1E-6	9.6E-4	1000	0.00656
-8E-7	0.00112	1400	0.0064
-6E-7	9.6E-4	1200	0.0064
-4E-7	0.00112	1200	0.0064
-2E-7	0.00112	1400	0.00656
0	0.00112	1400	0.0064
2E-7	9.6E-4	1400	0.00656
4E-7	9.6E-4	1400	0.0064
6E-7	9.6E-4	1600	0.0064
8E-7	0.00128	1600	0.0064
1E-6	0.00112	1800	0.0064
1.2E-6	8E-4	1800	0.0064
1.4E-6	8E-4	1800	0.0064
1.6E-6	9.6E-4	2000	0.0064
1.8E-6	0.00112	1800	0.0064
2E-6	0.00128	1800	0.0064
2.2E-6	9.6E-4	2200	0.0064
2.4E-6	0.00112	2000	0.0064
2.6E-6	0.00112	2000	0.0064
2.8E-6	8E-4	2200	0.0064
3E-6	9.6E-4	2000	0.00624
3.2E-6	0.00112	2400	0.00736
3.4E-6	0.00176	2600	0.00864
3.6E-6	0.00352	2200	0.0064
3.8E-6	0.00288	2400	0.00576
4E-6	0.00208	2400	0.0064
4.2E-6	0.00176	2600	0.00592
4.4E-6	0.0016	2800	0.00624
4.6E-6	0.0024	2600	0.00848
4.8E-6	0.00432	2800	0.00528
5E-6	0.00384	2400	0.00592
5.2E-6	0.00368	2600	0.00576
5.4E-6	0.00256	2600	0.00608
5.6E-6	0.00208	2800	0.00608
5.8E-6	0.00176	2800	0.0064
6E-6	0.00128	2800	0.00656
6.2E-6	0.00128	3000	0.0064
6.4E-6	0.00176	3000	0.00656
6.6E-6	0.0016	3200	0.00656
6.8E-6	0.00192	3000	0.00608
7E-6	0.00128	3200	0.00624
7.2E-6	0.00176	3000	0.00624
7.4E-6	0.00192	3000	0.00608
7.6E-6	0.0016	3400	0.00624
7.8E-6	0.0016	3200	0.00608
8E-6	0.00128	3400	0.00624
8.2E-6	0.00208	3400	0.00608
8.4E-6	0.00272	3600	0.00592
8.6E-6	0.00256	3200	0.00592
8.8E-6	0.00208	3800	0.00608
9E-6	0.00192	3600	0.00624
9.2E-6	0.0016	3600	0.00624
9.4E-6	0.00128	3600	0.00624
9.6E-6	0.00112	3800	0.00624
9.8E-6	0.00112	3800	0.00672
1E-5	0.00176	4000	0.00608
1.02E-5	0.00176	3600	0.0072
1.04E-5	0.00176	4000	0.0064
1.06E-5	0.00256	4000	0.00576
1.08E-5	0.00224	4200	0.0056
1.1E-5	0.00192	4000	0.00608
1.12E-5	0.00176	4200	0.00592
1.14E-5	0.00144	4000	0.0064
1.16E-5	0.0016	4000	0.0056
1.18E-5	0.00192	4200	0.00544
1.2E-5	0.00224	4200	0.0056
1.22E-5	0.00208	4200	0.00576
1.24E-5	0.00192	4200	0.0056
1.26E-5	0.00176	4400	0.0064
1.28E-5	0.00192	4400	0.00672
1.3E-5	0.00384	4400	0.00576
1.32E-5	0.00432	4600	0.00448
1.34E-5	0.00368	4600	0.0048
1.36E-5	0.00288	4400	0.00512
1.38E-5	0.0024	4800	0.00512
1.4E-5	0.00208	4800	0.00528
1.42E-5	0.00176	5000	0.0064
1.44E-5	0.00512	5000	0.004
1.46E-5	0.00496	4600	0.00464
1.48E-5	0.004	4800	0.00496
1.5E-5	0.00352	4800	0.00528
1.52E-5	0.00256	4800	0.00544
1.54E-5	0.00176	5000	0.00544
1.56E-5	0.00176	4800	0.00544
1.58E-5	0.0016	5000	0.00544
1.6E-5	0.00176	5200	0.00528
1.62E-5	0.0016	5000	0.00512
1.64E-5	0.00224	5200	0.00544
1.66E-5	0.00368	5200	0.00704
1.68E-5	0.0048	5400	0.00416
1.7E-5	0.00432	5200	0.00384
1.72E-5	0.00336	5400	0.00416
1.74E-5	0.00288	5400	0.0056
1.76E-5	0.00288	5400	0.00336
1.78E-5	0.0032	5200	0.00512
1.8E-5	0.00416	5400	0.00416
1.82E-5	0.00352	5200	0.00464
1.84E-5	0.00272	5400	0.0048
1.86E-5	0.00208	5400	0.0048
1.88E-5	0.00176	5400	0.00528
1.9E-5	0.00144	5600	0.00528
1.92E-5	0.00144	5600	0.00496
1.94E-5	0.00128	5600	0.0048
1.96E-5	0.00144	5800	0.00496
1.98E-5	0.0016	6200	0.0048
2E-5	0.00352	5800	0.0032
2.02E-5	0.00864	5600	0.00176
2.04E-5	0.00688	5600	0.00288
2.06E-5	0.00544	5800	0.00272
2.08E-5	0.00432	6000	0.00384
2.1E-5	0.00304	5800	0.00432
2.12E-5	0.00192	6200	0.00448
2.14E-5	0.00176	6200	0.00464
2.16E-5	0.00144	6000	0.00464
2.18E-5	0.0024	5800	0.00144
2.2E-5	0.00736	5800	0.00336
2.22E-5	0.012	6000	-0.0024
2.24E-5	0.01184	6000	8E-4
2.26E-5	0.00768	6000	0.00288
2.28E-5	0.00512	6200	0.00352
2.3E-5	0.00304	6000	0.00448
2.32E-5	0.00288	6200	0.00464
2.34E-5	0.00208	6000	0.00432
2.36E-5	0.00176	6000	0.00432
2.38E-5	0.0016	6200	0.00432
2.4E-5	0.00128	6400	0.00448
2.42E-5	9.6E-4	6200	0.00448
2.44E-5	0.00128	6200	0.00448
2.46E-5	0.00112	6600	0.00416
2.48E-5	0.0016	6400	0.00432
2.5E-5	0.00544	6200	-9.6E-4
2.52E-5	0.00912	6400	0.00112
2.54E-5	0.01152	6200	4.8E-4
2.56E-5	0.00784	6400	0.00176
2.58E-5	0.00544	6400	0.00288
2.6E-5	0.00368	6400	0.00352
2.62E-5	0.00256	6600	0.00368
2.64E-5	0.00192	6600	0.00384
2.66E-5	0.00144	6400	0.004
2.68E-5	0.00144	6400	0.00432
2.7E-5	0.0016	6400	0.00384
2.72E-5	0.0016	6600	0.00352
2.74E-5	0.00144	6600	0.00368
2.76E-5	0.0016	6800	0.00352
2.78E-5	0.00144	6600	0.00368
2.8E-5	0.00144	6800	0.00384
2.82E-5	0.00192	6800	0.00368
2.84E-5	0.00192	6600	0.0032
2.86E-5	0.00192	6600	0.0032
2.88E-5	0.00208	6800	0.00384
2.9E-5	0.00192	7000	0.00448
2.92E-5	0.00208	6800	0.00304
2.94E-5	0.0024	7000	0.0024
2.96E-5	0.00224	7000	0.0024
2.98E-5	0.00208	7400	0.00288
3E-5	0.00144	7000	0.0032
3.02E-5	0.00128	7200	0.0032
3.04E-5	9.6E-4	7000	0.0032
3.06E-5	8E-4	7000	0.0032
3.08E-5	0.00304	7000	0.00256
3.1E-5	0.0024	7200	0.00304
3.12E-5	0.00192	7200	0.00304
3.14E-5	0.0016	7000	0.00368
3.16E-5	0.00624	7200	0.00336
3.18E-5	0.00704	6800	0.0016
3.2E-5	0.0064	7000	0.00144
3.22E-5	0.00608	7400	9.6E-4
3.24E-5	0.00432	7200	0.00192
3.26E-5	0.0024	7200	0.00224
3.28E-5	0.00224	7200	0.00256
3.3E-5	0.00192	7400	0.00368
3.32E-5	0.00688	7200	-9.6E-4
3.34E-5	0.00848	7000	-0.00176
3.36E-5	0.00864	7000	6.4E-4
3.38E-5	0.00528	7200	0.00176
3.4E-5	0.00336	7200	0.00208
3.42E-5	0.00208	7200	0.00224
3.44E-5	0.0016	7200	0.00256
3.46E-5	0.00144	7200	0.00256
3.48E-5	0.00544	7200	-0.00272
3.5E-5	0.00864	7200	4.8E-4
3.52E-5	0.00544	7200	0.0016
3.54E-5	0.00368	7200	0.00208
3.56E-5	0.00208	7400	0.00224
3.58E-5	0.00176	7400	0.00304
3.6E-5	0.0016	7400	0.00224
3.62E-5	0.00192	7600	0.00192
3.64E-5	0.00176	7400	0.00192
3.66E-5	0.0016	7200	0.00208
3.68E-5	0.00144	7400	0.00208
3.7E-5	0.00128	7400	0.00192
3.72E-5	0.00128	7600	0.00208
3.74E-5	0.00128	7400	0.00256
3.76E-5	0.00208	7400	0.00112
3.78E-5	0.00208	7800	0.00176
3.8E-5	0.0016	7600	0.00176
3.82E-5	0.00128	7600	0.00192
3.84E-5	0.00128	7400	0.00192
3.86E-5	6.4E-4	7400	0.00192
3.88E-5	9.6E-4	7400	0.00176
3.9E-5	8E-4	7600	0.00176
3.92E-5	4.8E-4	7400	0.00176
3.94E-5	6.4E-4	7800	0.00272
3.96E-5	0.00176	7800	3.2E-4
3.98E-5	0.00336	7600	3.2E-4
4E-5	0.00288	7400	0.00128
4.02E-5	0.0016	7400	0.0016
4.04E-5	0.0016	7400	0.0016
4.06E-5	0.00128	7600	0.0016
4.08E-5	8E-4	7800	0.0016
4.1E-5	6.4E-4	7600	0.0016
4.12E-5	0.00448	7400	-0.00416
4.14E-5	0.00976	7600	-0.00256
4.16E-5	0.00752	7200	-0.00112
4.18E-5	0.00768	7000	-0.0016
4.2E-5	0.00544	7600	1.6E-4
4.22E-5	0.00336	7600	9.6E-4
4.24E-5	0.00224	7600	9.6E-4
4.26E-5	0.0016	7600	0.00112
4.28E-5	0.00112	7400	9.6E-4
4.3E-5	0.00112	7800	0.00112
4.32E-5	8E-4	7600	0.00112
4.34E-5	8E-4	7800	0.00128
4.36E-5	6.4E-4	7600	9.6E-4
4.38E-5	6.4E-4	7600	0.00112
4.4E-5	6.4E-4	7800	9.6E-4
4.42E-5	6.4E-4	7800	9.6E-4
4.44E-5	3.2E-4	7800	8E-4
4.46E-5	6.4E-4	7600	6.4E-4
4.48E-5	6.4E-4	7600	6.4E-4
4.5E-5	4.8E-4	7600	6.4E-4
4.52E-5	4.8E-4	7600	8E-4
4.54E-5	6.4E-4	7400	6.4E-4
4.56E-5	3.2E-4	7600	6.4E-4
4.58E-5	4.8E-4	7800	8E-4
4.6E-5	4.8E-4	7800	6.4E-4
4.62E-5	6.4E-4	7800	4.8E-4
4.64E-5	6.4E-4	7600	6.4E-4
4.66E-5	6.4E-4	7600	3.2E-4
4.68E-5	6.4E-4	7800	4.8E-4
4.7E-5	6.4E-4	7600	4.8E-4
4.72E-5	3.2E-4	8000	4.8E-4
4.74E-5	0.00112	7800	-6.4E-4
4.76E-5	0.0016	7800	0
4.78E-5	9.6E-4	7600	1.6E-4
4.8E-5	0.00112	7600	3.2E-4
4.82E-5	4.8E-4	7600	0
4.84E-5	4.8E-4	7600	1.6E-4
4.86E-5	6.4E-4	7600	0
4.88E-5	6.4E-4	7600	1.6E-4
4.9E-5	3.2E-4	7600	0
4.92E-5	1.6E-4	7800	-1.6E-4
4.94E-5	3.2E-4	7800	-1.6E-4
4.96E-5	3.2E-4	8000	-1.6E-4
4.98E-5	3.2E-4	7400	-3.2E-4
5E-5	3.2E-4	7800	-1.6E-4
5.02E-5	1.6E-4	7800	-3.2E-4
5.04E-5	3.2E-4	7800	-1.6E-4
5.06E-5	3.2E-4	7600	1.6E-4
5.08E-5	1.6E-4	7600	-1.6E-4
5.1E-5	4.8E-4	7600	-3.2E-4
5.12E-5	4.8E-4	7400	-3.2E-4
5.14E-5	3.2E-4	7600	-4.8E-4
5.16E-5	6.4E-4	7600	-4.8E-4
5.18E-5	4.8E-4	7600	-3.2E-4
5.2E-5	4.8E-4	7600	-4.8E-4
5.22E-5	1.6E-4	7600	-6.4E-4
5.24E-5	0	7400	-6.4E-4
5.26E-5	1.6E-4	7600	-6.4E-4
5.28E-5	3.2E-4	7800	-8E-4
5.3E-5	1.6E-4	7600	-8E-4
5.32E-5	0	7600	-9.6E-4
5.34E-5	1.6E-4	7600	-9.6E-4
5.36E-5	0	7800	-9.6E-4
5.38E-5	0	7600	-9.6E-4
5.4E-5	0	7800	-0.00112
5.42E-5	0	7600	-0.00112
5.44E-5	1.6E-4	7600	-0.00112
5.46E-5	0	7800	-0.00112
5.48E-5	0	7400	-0.00128
5.5E-5	0	7600	-0.00128
5.52E-5	1.6E-4	7400	-0.00112
5.54E-5	1.6E-4	7400	-0.00128
5.56E-5	0	7400	-0.00128
5.58E-5	1.6E-4	7400	-0.00128
5.6E-5	0	7400	-0.00128
5.62E-5	1.6E-4	7600	-0.00144
5.64E-5	0	7400	-0.0016
5.66E-5	1.6E-4	7400	-0.0016
5.68E-5	-1.6E-4	7400	-0.0016
5.7E-5	0	7600	-0.0016
5.72E-5	-1.6E-4	7400	-0.00176
5.74E-5	-3.2E-4	7200	-0.00176
5.76E-5	-3.2E-4	7400	-0.00176
5.78E-5	0	7400	-0.00176
5.8E-5	0	7200	-0.00176
5.82E-5	0	7000	-0.00176
5.84E-5	0	7200	-0.00176
5.86E-5	-1.6E-4	7200	-0.00176
5.88E-5	-3.2E-4	7000	-0.00192
5.9E-5	-1.6E-4	7200	-0.00192
5.92E-5	-1.6E-4	7400	-0.00208
5.94E-5	0	7400	-0.00208
5.96E-5	-1.6E-4	7200	-0.00208
5.98E-5	-1.6E-4	7000	-0.00208
6E-5	-3.2E-4	7000	-0.00208
6.02E-5	0	7000	-0.00208
6.04E-5	-3.2E-4	7200	-0.00224
6.06E-5	-3.2E-4	7000	-0.00224
6.08E-5	-3.2E-4	7000	-0.00224
6.1E-5	-3.2E-4	7200	-0.0024
6.12E-5	-1.6E-4	7000	-0.00224
6.14E-5	-1.6E-4	6800	-0.00224
6.16E-5	-1.6E-4	7000	-0.0024
6.18E-5	-1.6E-4	7000	-0.00256
6.2E-5	-3.2E-4	6800	-0.00256
6.22E-5	-1.6E-4	6800	-0.0024
6.24E-5	-1.6E-4	7000	-0.00272
6.26E-5	-3.2E-4	6800	-0.00256
6.28E-5	-1.6E-4	7000	-0.00256
6.3E-5	-3.2E-4	6800	-0.00288
6.32E-5	-3.2E-4	6600	-0.00288
6.34E-5	-3.2E-4	6600	-0.00304
6.36E-5	-3.2E-4	6800	-0.00304
6.38E-5	-3.2E-4	6600	-0.00288
6.4E-5	-4.8E-4	6600	-0.00288
6.42E-5	-4.8E-4	6600	-0.00288
6.44E-5	-1.6E-4	6600	-0.00304
6.46E-5	-4.8E-4	6400	-0.00304
6.48E-5	-4.8E-4	6600	-0.00288
6.5E-5	-3.2E-4	6400	-0.0032
6.52E-5	-1.6E-4	6400	-0.00304
6.54E-5	-4.8E-4	6400	-0.00304
6.56E-5	-4.8E-4	6600	-0.0032
6.58E-5	-3.2E-4	6600	-0.0032
6.6E-5	-3.2E-4	6600	-0.00336
6.62E-5	-4.8E-4	6400	-0.0032
6.64E-5	-4.8E-4	6200	-0.00336
6.66E-5	-4.8E-4	6200	-0.0032
6.68E-5	-4.8E-4	6400	-0.00336
6.7E-5	-4.8E-4	6400	-0.00352
6.72E-5	-6.4E-4	6200	-0.00352
6.74E-5	-4.8E-4	6000	-0.00352
6.76E-5	-8E-4	6000	-0.00352
6.78E-5	0	6400	-0.00368
6.8E-5	-4.8E-4	5800	-0.00368
6.82E-5	-6.4E-4	5800	-0.00352
6.84E-5	-4.8E-4	6200	-0.00352
6.86E-5	-3.2E-4	5800	-0.00352
6.88E-5	-4.8E-4	6000	-0.00352
6.9E-5	-4.8E-4	5800	-0.00352
6.92E-5	-4.8E-4	5800	-0.00384
6.94E-5	-4.8E-4	6400	-0.00384
6.96E-5	-6.4E-4	5400	-0.00384
6.98E-5	-4.8E-4	6000	-0.00368
7E-5	-6.4E-4	5800	-0.00368
7.02E-5	-4.8E-4	5600	-0.00384
7.04E-5	-6.4E-4	5600	-0.00384
7.06E-5	-6.4E-4	5800	-0.004
7.08E-5	-4.8E-4	5600	-0.00384
7.1E-5	-3.2E-4	5600	-0.004
7.12E-5	-6.4E-4	5600	-0.00416
7.14E-5	-6.4E-4	5400	-0.00448
7.16E-5	-6.4E-4	5400	-0.00416
7.18E-5	-6.4E-4	5200	-0.00416
7.2E-5	-6.4E-4	5200	-0.00432
7.22E-5	-8E-4	5200	-0.00432
7.24E-5	-6.4E-4	5400	-0.00416
7.26E-5	-6.4E-4	5200	-0.00448
7.28E-5	-4.8E-4	5000	-0.00448
7.3E-5	-8E-4	5000	-0.00448
7.32E-5	-8E-4	5200	-0.00464
7.34E-5	-8E-4	4800	-0.00448
7.36E-5	-8E-4	5000	-0.00464
7.38E-5	-8E-4	4800	-0.00464
7.4E-5	-9.6E-4	5000	-0.00464
7.42E-5	-6.4E-4	4800	-0.00448
7.44E-5	-6.4E-4	4800	-0.00464
7.46E-5	-6.4E-4	4600	-0.00464
7.48E-5	-4.8E-4	5000	-0.00464
7.5E-5	-8E-4	4600	-0.00464
7.52E-5	-8E-4	4600	-0.00464
7.54E-5	-4.8E-4	4400	-0.0048
7.56E-5	-6.4E-4	4600	-0.0048
7.58E-5	-8E-4	4600	-0.0048
7.6E-5	-8E-4	4600	-0.0048
7.62E-5	-9.6E-4	4400	-0.00512
7.64E-5	-6.4E-4	4200	-0.00496
7.66E-5	-8E-4	4400	-0.00496
7.68E-5	-8E-4	4600	-0.00496
7.7E-5	-9.6E-4	4200	-0.00496
7.72E-5	-9.6E-4	4000	-0.00496
7.74E-5	-9.6E-4	4000	-0.00496
7.76E-5	-6.4E-4	4000	-0.00512
7.78E-5	-8E-4	4000	-0.00496
7.8E-5	-8E-4	4000	-0.00528
7.82E-5	-8E-4	3800	-0.00512
7.84E-5	-9.6E-4	4000	-0.00528
7.86E-5	-9.6E-4	3800	-0.00512
7.88E-5	-9.6E-4	3800	-0.00512
7.9E-5	-9.6E-4	3800	-0.00528
7.92E-5	-8E-4	4000	-0.00528
7.94E-5	-8E-4	3800	-0.00544
7.96E-5	-9.6E-4	3600	-0.00544
7.98E-5	-9.6E-4	3200	-0.00528
8E-5	-8E-4	3400	-0.00512
8.02E-5	-0.00112	3800	-0.00512
8.04E-5	-0.00112	3600	-0.0056
8.06E-5	-9.6E-4	3600	-0.0056
8.08E-5	-9.6E-4	3600	-0.00544
8.1E-5	-0.00112	3600	-0.00544
8.12E-5	-8E-4	3200	-0.0056
8.14E-5	-8E-4	3400	-0.0056
8.16E-5	-9.6E-4	3600	-0.0056
8.18E-5	-0.00112	3200	-0.0056
8.2E-5	-9.6E-4	3200	-0.0056
8.22E-5	-9.6E-4	3000	-0.0056
8.24E-5	-9.6E-4	3200	-0.0056
8.26E-5	-6.4E-4	3200	-0.0056
8.28E-5	-0.00112	2800	-0.00576
8.3E-5	-9.6E-4	2800	-0.00576
8.32E-5	-9.6E-4	2800	-0.0056
8.34E-5	-0.00112	2600	-0.0056
8.36E-5	-9.6E-4	2600	-0.00576
8.38E-5	-0.00112	2600	-0.0056
8.4E-5	-0.00112	2600	-0.00576
8.42E-5	-8E-4	2600	-0.00576
8.44E-5	-9.6E-4	2400	-0.00592
8.46E-5	-9.6E-4	2600	-0.00592
8.48E-5	-8E-4	2400	-0.00576
8.5E-5	-6.4E-4	2200	-0.00576
8.52E-5	-0.00128	2400	-0.00592
8.54E-5	-9.6E-4	2400	-0.00576
8.56E-5	-9.6E-4	2600	-0.00592
8.58E-5	-0.00112	2400	-0.00608
8.6E-5	-8E-4	2200	-0.00592
8.62E-5	-0.00112	2000	-0.00592
8.64E-5	-0.00112	2000	-0.00592
8.66E-5	-9.6E-4	1800	-0.00608
8.68E-5	-9.6E-4	2000	-0.00608
8.7E-5	-9.6E-4	1600	-0.00592
8.72E-5	-8E-4	1800	-0.00576
8.74E-5	-0.00128	1800	-0.00624
8.76E-5	-8E-4	1800	-0.00608
8.78E-5	-8E-4	1600	-0.00608
8.8E-5	-8E-4	1400	-0.00608
8.82E-5	-8E-4	1600	-0.00608
8.84E-5	-8E-4	1400	-0.00608
8.86E-5	-9.6E-4	1400	-0.00608
8.88E-5	-0.00112	1600	-0.00592
8.9E-5	-0.00128	1400	-0.00608
8.92E-5	-9.6E-4	1400	-0.00624
8.94E-5	-0.00112	1200	-0.00624
8.96E-5	-0.00112	1200	-0.00624
8.98E-5	-0.00112	1000	-0.00624
9E-5	-0.00112	1200	-0.00592
9.02E-5	-0.00128	1000	-0.00624
9.04E-5	-0.00128	1000	-0.00624
9.06E-5	-0.00112	800	-0.00608
9.08E-5	-9.6E-4	1000	-0.00624
9.1E-5	-0.00128	800	-0.00624
9.12E-5	-9.6E-4	600	-0.0064
9.14E-5	-9.6E-4	600	-0.00624
9.16E-5	-0.00112	600	-0.00624
9.18E-5	-0.00112	400	-0.00624
9.2E-5	-0.00112	400	-0.00624
9.22E-5	-0.00112	600	-0.00656
9.24E-5	-0.00128	400	-0.00624
9.26E-5	-9.6E-4	600	-0.0064
9.28E-5	-0.00128	200	-0.0064
9.3E-5	-0.00144	200	-0.00624
9.32E-5	-9.6E-4	200	-0.00624
9.34E-5	-0.00128	0	-0.00624
9.36E-5	-0.00128	0	-0.00624
9.38E-5	-0.00112	0	-0.0064
9.4E-5	-0.00112	200	-0.0064
9.42E-5	-0.00112	-200	-0.00624
9.44E-5	-0.00112	-200	-0.00624
9.46E-5	-0.00112	-200	-0.0064
9.48E-5	-9.6E-4	-200	-0.00624
9.5E-5	-0.00112	-400	-0.00624
9.52E-5	-8E-4	-400	-0.0064
9.54E-5	-9.6E-4	-400	-0.00624
9.56E-5	-0.00112	-400	-0.00624
9.58E-5	-0.00112	-400	-0.00624
9.6E-5	-0.00128	-600	-0.0064
9.62E-5	-0.00128	-600	-0.00624
9.64E-5	-0.00128	-600	-0.0064
9.66E-5	-0.00112	-800	-0.00624
9.68E-5	-0.00128	-800	-0.0064
9.7E-5	-0.00144	-1000	-0.00624
9.72E-5	-0.00128	-1000	-0.00624
9.74E-5	-9.6E-4	-1000	-0.00624
9.76E-5	-9.6E-4	-1000	-0.0064
9.78E-5	-0.00112	-1200	-0.0064
9.8E-5	-0.00112	-1000	-0.00624
9.82E-5	-0.00144	-1000	-0.00624
9.84E-5	-0.00128	-1000	-0.00608
9.86E-5	-0.00128	-1200	-0.00624
9.88E-5	-0.00112	-1200	-0.0064
9.9E-5	-9.6E-4	-1200	-0.0064
9.92E-5	-0.00112	-1400	-0.0064
9.94E-5	-0.00128	-1600	-0.0064
9.96E-5	-0.00128	-1600	-0.0064
9.98E-5	-0.00128	-1800	-0.00608
1E-4	-0.00128	-1600	-0.0064
1.002E-4	-0.00144	-1800	-0.00624
1.004E-4	-0.00144	-1600	-0.00624
1.006E-4	-0.00112	-1800	-0.00624
1.008E-4	-0.00112	-1800	-0.00608
1.01E-4	-0.00128	-2000	-0.00624
1.012E-4	-0.00128	-2200	-0.00624
1.014E-4	-0.00112	-2000	-0.00592
1.016E-4	-0.00128	-2000	-0.00624
1.018E-4	-0.00128	-2200	-0.00624
1.02E-4	-0.00144	-2200	-0.00624
1.022E-4	-0.00112	-2200	-0.00624
1.024E-4	-9.6E-4	-2200	-0.00608
1.026E-4	-0.00128	-2400	-0.00624
1.028E-4	-0.00112	-2400	-0.00608
1.03E-4	-0.00128	-2600	-0.00608
1.032E-4	-0.00112	-2600	-0.00608
1.034E-4	-0.00128	-2800	-0.0064
1.036E-4	-0.00128	-2600	-0.00608
1.038E-4	-0.00128	-2600	-0.00608
1.04E-4	-0.00112	-2800	-0.00608
1.042E-4	-0.00112	-2600	-0.00624
1.044E-4	-0.00128	-2800	-0.00624
1.046E-4	-0.00112	-2800	-0.00592
1.048E-4	-0.00112	-3200	-0.00608
1.05E-4	-0.00128	-2800	-0.00608
1.052E-4	-0.00112	-3000	-0.00608
1.054E-4	-9.6E-4	-2800	-0.00592
1.056E-4	-0.00112	-2800	-0.00608
1.058E-4	-0.00112	-3000	-0.00592
1.06E-4	-0.00112	-3400	-0.00592
1.062E-4	-0.00112	-3400	-0.00592
1.064E-4	-9.6E-4	-3400	-0.00608
1.066E-4	-0.00144	-3200	-0.00592
1.068E-4	-0.00112	-3400	-0.00576
1.07E-4	-9.6E-4	-3600	-0.00576
1.072E-4	-0.00128	-3600	-0.00608
1.074E-4	-8E-4	-3400	-0.00592
1.076E-4	-9.6E-4	-3800	-0.00592
1.078E-4	-0.00112	-3800	-0.00576
1.08E-4	-9.6E-4	-3600	-0.00576
1.082E-4	-8E-4	-4000	-0.0056
1.084E-4	-0.00128	-3600	-0.0056
1.086E-4	-0.00112	-3600	-0.0056
1.088E-4	-0.00128	-4000	-0.00576
1.09E-4	-9.6E-4	-3800	-0.00576
1.092E-4	-0.00112	-4000	-0.0056
1.094E-4	-9.6E-4	-3800	-0.0056
1.096E-4	-0.00112	-4000	-0.0056
1.098E-4	-0.00128	-4000	-0.0056
1.1E-4	-0.00112	-4200	-0.00544
1.102E-4	-0.00128	-4400	-0.00544
1.104E-4	-9.6E-4	-4200	-0.00544
1.106E-4	-8E-4	-4400	-0.00544
1.108E-4	-0.00112	-4400	-0.0056
1.11E-4	-9.6E-4	-4400	-0.00544
1.112E-4	-0.00112	-4400	-0.00528
1.114E-4	-9.6E-4	-4600	-0.0056
1.116E-4	-9.6E-4	-4800	-0.00544
1.118E-4	-9.6E-4	-4800	-0.00528
1.12E-4	-0.00112	-4600	-0.0056
1.122E-4	-9.6E-4	-4600	-0.00544
1.124E-4	-9.6E-4	-4600	-0.00544
1.126E-4	-0.00112	-5000	-0.00544
1.128E-4	-0.00112	-5000	-0.00544
1.13E-4	-0.00112	-4800	-0.00544
1.132E-4	-0.00112	-5000	-0.00528
1.134E-4	-0.00128	-5000	-0.00528
1.136E-4	-0.00128	-5000	-0.00512
1.138E-4	-0.00112	-5000	-0.00528
1.14E-4	-0.00112	-5000	-0.00528
1.142E-4	-9.6E-4	-5000	-0.00512
1.144E-4	-0.00112	-5200	-0.00512
1.146E-4	-0.00112	-5200	-0.00528
1.148E-4	-0.00112	-5200	-0.00496
1.15E-4	-9.6E-4	-5400	-0.00496
1.152E-4	-8E-4	-5400	-0.00512
1.154E-4	-9.6E-4	-5400	-0.00496
1.156E-4	-9.6E-4	-5400	-0.00496
1.158E-4	-0.00112	-5600	-0.00496
1.16E-4	-9.6E-4	-5400	-0.00496
1.162E-4	-0.00112	-5600	-0.0048
1.164E-4	-0.00112	-5400	-0.00496
1.166E-4	-0.00112	-5400	-0.0048
1.168E-4	-9.6E-4	-5800	-0.0048
1.17E-4	-0.00112	-5600	-0.0048
1.172E-4	-8E-4	-6000	-0.0048
1.174E-4	-8E-4	-5600	-0.0048
1.176E-4	-6.4E-4	-6000	-0.0048
1.178E-4	-0.00112	-5800	-0.00448
1.18E-4	-9.6E-4	-5800	-0.00464
1.182E-4	-9.6E-4	-5800	-0.00448
1.184E-4	-9.6E-4	-5800	-0.00496
1.186E-4	-8E-4	-6000	-0.0048
1.188E-4	-8E-4	-6000	-0.00448
1.19E-4	-9.6E-4	-6000	-0.0048
1.192E-4	-9.6E-4	-6400	-0.00464
1.194E-4	-0.00112	-6200	-0.00432
1.196E-4	-8E-4	-6200	-0.00432
1.198E-4	-0.00112	-6200	-0.00432
1.2E-4	-0.00112	-6000	-0.00448
1.202E-4	-9.6E-4	-6200	-0.00448
1.204E-4	-9.6E-4	-6200	-0.00432
1.206E-4	-8E-4	-6400	-0.00416
1.208E-4	-9.6E-4	-6600	-0.00416
1.21E-4	-9.6E-4	-6600	-0.00416
1.212E-4	-0.00112	-6400	-0.00432
1.214E-4	-0.00112	-6400	-0.00416
1.216E-4	-0.00112	-6400	-0.004
1.218E-4	-8E-4	-6600	-0.00416
1.22E-4	-9.6E-4	-6600	-0.004
1.222E-4	-8E-4	-6400	-0.00384
1.224E-4	-8E-4	-6600	-0.00384
1.226E-4	-9.6E-4	-6600	-0.00384
1.228E-4	-9.6E-4	-6600	-0.00384
1.23E-4	-6.4E-4	-6600	-0.00416
1.232E-4	-0.00128	-6600	-0.00368
1.234E-4	-8E-4	-6600	-0.00384
1.236E-4	-8E-4	-6800	-0.00384
1.238E-4	-8E-4	-6600	-0.00368
1.24E-4	-8E-4	-6800	-0.00368
1.242E-4	-8E-4	-6800	-0.00384
1.244E-4	-8E-4	-6800	-0.00368
1.246E-4	-8E-4	-7000	-0.00368
1.248E-4	-9.6E-4	-7000	-0.00368
1.25E-4	-8E-4	-7000	-0.00336
1.252E-4	-6.4E-4	-7000	-0.00336
1.254E-4	-9.6E-4	-7000	-0.00336
1.256E-4	-8E-4	-7000	-0.00336
1.258E-4	-6.4E-4	-7200	-0.00336
1.26E-4	-4.8E-4	-7000	-0.00336
1.262E-4	-6.4E-4	-7200	-0.00336
1.264E-4	-6.4E-4	-7000	-0.00336
1.266E-4	-8E-4	-7200	-0.00304
1.268E-4	-4.8E-4	-7400	-0.00336
1.27E-4	-6.4E-4	-7400	-0.0032
1.272E-4	-3.2E-4	-7400	-0.00304
1.274E-4	-6.4E-4	-7200	-0.00304
1.276E-4	-4.8E-4	-7400	-0.00304
1.278E-4	-3.2E-4	-7200	-0.00288
1.28E-4	-6.4E-4	-7400	-0.00304
1.282E-4	-6.4E-4	-7400	-0.00272
1.284E-4	-6.4E-4	-7200	-0.00272
1.286E-4	-8E-4	-7200	-0.00288
1.288E-4	-3.2E-4	-7200	-0.0032
1.29E-4	-6.4E-4	-7200	-0.00272
1.292E-4	-6.4E-4	-7200	-0.00256
1.294E-4	-9.6E-4	-7600	-0.00256
1.296E-4	-6.4E-4	-7400	-0.00256
1.298E-4	-3.2E-4	-7600	-0.00256
1.3E-4	-8E-4	-7400	-0.00272
1.302E-4	-4.8E-4	-7400	-0.00256
1.304E-4	-3.2E-4	-7600	-0.00224
1.306E-4	-4.8E-4	-7600	-0.0024
1.308E-4	-3.2E-4	-7600	-0.00224
1.31E-4	-3.2E-4	-7600	-0.00208
1.312E-4	-3.2E-4	-7600	-0.00224
1.314E-4	-8E-4	-7600	-0.00224
1.316E-4	-6.4E-4	-7600	-0.00208
1.318E-4	-8E-4	-7600	-0.00224
1.32E-4	-6.4E-4	-7800	-0.00208
1.322E-4	-3.2E-4	-7800	-0.00192
1.324E-4	-6.4E-4	-7800	-0.00176
1.326E-4	-6.4E-4	-7600	-0.00192
1.328E-4	-6.4E-4	-7800	-0.00208
1.33E-4	-4.8E-4	-7600	-0.00176
1.332E-4	-4.8E-4	-7600	-0.00192
1.334E-4	-6.4E-4	-7600	-0.00192
1.336E-4	-4.8E-4	-7800	-0.00176
1.338E-4	-3.2E-4	-7800	-0.00176
1.34E-4	-4.8E-4	-7800	-0.0016
1.342E-4	-6.4E-4	-7800	-0.0016
1.344E-4	-3.2E-4	-7800	-0.0016
1.346E-4	-3.2E-4	-8000	-0.00144
1.348E-4	-1.6E-4	-7800	-0.00128
1.35E-4	-3.2E-4	-7800	-0.00144
1.352E-4	-3.2E-4	-8000	-0.00128
1.354E-4	-3.2E-4	-7800	-0.00144
1.356E-4	-3.2E-4	-7800	-0.0032
1.358E-4	4.8E-4	-7600	-0.00176
1.36E-4	1.6E-4	-7800	-0.00128
1.362E-4	-3.2E-4	-7600	-0.00128
1.364E-4	-1.6E-4	-7600	-0.00128
1.366E-4	-4.8E-4	-7800	-0.00112
1.368E-4	-4.8E-4	-7800	-9.6E-4
1.37E-4	-1.6E-4	-7800	-9.6E-4
1.372E-4	-1.6E-4	-7800	-0.00112
1.374E-4	-3.2E-4	-8200	-8E-4
1.376E-4	-3.2E-4	-7800	-6.4E-4
1.378E-4	-3.2E-4	-7800	-8E-4
1.38E-4	-3.2E-4	-8000	-6.4E-4
1.382E-4	-1.6E-4	-7800	-6.4E-4
1.384E-4	-4.8E-4	-7800	-6.4E-4
1.386E-4	-3.2E-4	-7800	-6.4E-4
1.388E-4	-1.6E-4	-8000	-6.4E-4
1.39E-4	-1.6E-4	-7800	-4.8E-4
1.392E-4	-3.2E-4	-8000	-4.8E-4
1.394E-4	0	-7800	-4.8E-4
1.396E-4	-3.2E-4	-7800	-3.2E-4
1.398E-4	-4.8E-4	-8000	-4.8E-4
1.4E-4	-1.6E-4	-7800	-6.4E-4
1.402E-4	1.6E-4	-7800	-9.6E-4
1.404E-4	3.2E-4	-8000	-0.00112
1.406E-4	1.6E-4	-8000	-8E-4
1.408E-4	6.4E-4	-7800	-0.00112
1.41E-4	0	-7800	-3.2E-4
1.412E-4	0	-8000	0
1.414E-4	1.6E-4	-7800	1.6E-4
1.416E-4	1.6E-4	-7800	0
1.418E-4	0	-8000	0
1.42E-4	-1.6E-4	-7600	3.2E-4
1.422E-4	-1.6E-4	-8000	1.6E-4
1.424E-4	-3.2E-4	-7800	3.2E-4
1.426E-4	-1.6E-4	-8000	3.2E-4
1.428E-4	0	-7600	3.2E-4
1.43E-4	-1.6E-4	-7800	4.8E-4
1.432E-4	-1.6E-4	-7800	4.8E-4
1.434E-4	-1.6E-4	-7600	4.8E-4
1.436E-4	1.6E-4	-8000	4.8E-4
1.438E-4	0	-8000	6.4E-4
1.44E-4	-1.6E-4	-7600	6.4E-4
1.442E-4	0	-7800	6.4E-4
1.444E-4	1.6E-4	-7600	6.4E-4
1.446E-4	-1.6E-4	-7800	8E-4
1.448E-4	-1.6E-4	-7800	9.6E-4
1.45E-4	0	-7600	9.6E-4
1.452E-4	1.6E-4	-7600	9.6E-4
1.454E-4	-1.6E-4	-7600	0.00112
1.456E-4	0	-7800	0.00112
1.458E-4	0	-7800	0.00112
1.46E-4	1.6E-4	-7600	9.6E-4
1.462E-4	0	-7600	0.00112
1.464E-4	0	-7600	9.6E-4
1.466E-4	4.8E-4	-7600	9.6E-4
1.468E-4	0	-7800	0.00112
1.47E-4	4.8E-4	-7600	0.00128
1.472E-4	0	-7600	0.00128
1.474E-4	1.6E-4	-7600	0.00144
1.476E-4	3.2E-4	-7600	0.00144
1.478E-4	3.2E-4	-7400	0.00144
1.48E-4	1.6E-4	-7600	0.0016
1.482E-4	-1.6E-4	-7400	0.00144
1.484E-4	1.6E-4	-7400	0.0016
1.486E-4	0	-7400	0.00176
1.488E-4	0	-7400	0.0016
1.49E-4	1.6E-4	-7200	0.00192
1.492E-4	0	-7400	0.00176
1.494E-4	1.6E-4	-7400	0.00192
1.496E-4	1.6E-4	-7400	0.00192
1.498E-4	0	-7400	0.00176
1.5E-4	1.6E-4	-7400	0.00192
1.502E-4	3.2E-4	-7200	0.00192
1.504E-4	1.6E-4	-7200	0.00192
1.506E-4	4.8E-4	-7400	0.00224
1.508E-4	1.6E-4	-7400	0.00224
1.51E-4	3.2E-4	-7400	0.00208
1.512E-4	3.2E-4	-7200	0.0024
1.514E-4	3.2E-4	-7200	0.00224
1.516E-4	1.6E-4	-7200	0.0024
1.518E-4	3.2E-4	-7000	0.00224
